6 0.870962 0.934990 0.024399 0.037440
6 0.919884 0.845510 0.015026 0.065423
6 0.968729 0.809394 0.015120 0.072158
6 0.829038 0.799183 0.034021 0.025868
3 0.983333 0.791355 0.016838 0.041525
1 0.778143 0.857726 0.031344 0.092580
8 0.886773 0.683458 0.014082 0.099387
6 0.714777 0.856365 0.043986 0.036760
6 0.629725 0.910143 0.009966 0.074881
0 0.581615 0.957114 0.014777 0.053097
1 0.658247 0.685160 0.024399 0.125936
1 0.536598 0.857046 0.032646 0.047651
0 0.897938 0.497277 0.020619 0.071477
6 0.960481 0.501361 0.013058 0.048332
0 0.576289 0.633656 0.026117 0.028412
0 0.604124 0.475153 0.030928 0.062628
3 0.653952 0.373724 0.030241 0.042206
6 0.653952 0.319490 0.025430 0.016464
6 0.857464 0.334922 0.012907 0.068074
6 0.930486 0.316091 0.036229 0.014074
6 0.842440 0.225645 0.027148 0.014929
6 0.808677 0.173928 0.018728 0.078285
6 0.763574 0.183799 0.031615 0.059905
3 0.751203 0.226685 0.034364 0.040844
0 0.941924 0.069435 0.017869 0.069435
0 0.732302 0.067733 0.034364 0.052417
2 0.677663 0.090197 0.028866 0.034717
6 0.621194 0.106535 0.012148 0.046971
6 0.602577 0.219217 0.018213 0.024466
2 0.307732 0.974813 0.021649 0.050374
2 0.453780 0.957454 0.025086 0.066031
2 0.438316 0.833220 0.033333 0.053097
1 0.316667 0.803669 0.028522 0.105636
0 0.368900 0.880191 0.014777 0.074881
0 0.044845 0.958816 0.018213 0.067393
0 0.013918 0.913662 0.013402 0.078735
6 0.078007 0.913547 0.014433 0.073519
6 0.123883 0.913887 0.021649 0.063308
6 0.156701 0.870320 0.010309 0.051055
6 0.207216 0.936351 0.032990 0.027910
6 0.245017 0.962560 0.025430 0.027229
2 0.130241 0.710621 0.019244 0.079098
6 0.456529 0.828455 0.016151 0.042206
6 0.419588 0.912526 0.021993 0.053778
8 0.390034 0.912185 0.013746 0.077604
6 0.184880 0.594963 0.030928 0.042206
6 0.035739 0.568754 0.024055 0.060585
6 0.235052 0.506467 0.013058 0.046290
6 0.338488 0.482982 0.016495 0.074200
6 0.301031 0.659292 0.014433 0.056501
8 0.294845 0.589857 0.040550 0.090538
6 0.361684 0.497617 0.025086 0.031314
6 0.362371 0.373043 0.025773 0.066712
6 0.413932 0.420514 0.027176 0.037120
6 0.430412 0.394826 0.012715 0.050374
3 0.439347 0.264466 0.024399 0.057862
0 0.285004 0.256978 0.013308 0.090538
6 0.226804 0.198094 0.036426 0.036760
6 0.165120 0.307352 0.025773 0.041525
6 0.177377 0.443725 0.021306 0.031314
3 0.087113 0.444860 0.025773 0.060585
3 0.034021 0.386317 0.030241 0.057862
6 0.032818 0.191967 0.038832 0.106195
6 0.085567 0.276719 0.024742 0.049694
6 0.101375 0.339346 0.028179 0.060585
6 0.140378 0.375085 0.028522 0.032675
8 0.221306 0.031314 0.020619 0.061266
8 0.243643 0.015317 0.019931 0.029272
8 0.428007 0.077263 0.031271 0.048332
8 0.395017 0.517018 0.018900 0.041525
3 0.223540 0.795439 0.017526 0.034717
2 0.236598 0.418993 0.029897 0.040163