2 0.048797 0.047311 0.021306 0.038802
8 0.087113 0.164057 0.014089 0.027229
8 0.396048 0.527229 0.012715 0.025187
2 0.430241 0.475834 0.019931 0.063989
2 0.457904 0.422056 0.035395 0.050374
2 0.122852 0.728727 0.018900 0.074200
8 0.097938 0.698434 0.013058 0.020422
2 0.021306 0.702178 0.020619 0.071477
2 0.219244 0.776038 0.035739 0.047651
2 0.273024 0.728727 0.026460 0.070116
2 0.375601 0.806331 0.021993 0.038802
8 0.285739 0.958475 0.023711 0.049013
2 0.144502 0.970728 0.015464 0.057182
2 0.968213 0.242001 0.036082 0.052417
2 0.854124 0.327774 0.018213 0.059224
2 0.919931 0.431586 0.021993 0.068074
2 0.908763 0.474132 0.016151 0.066031
2 0.794158 0.538802 0.034364 0.056501
2 0.684192 0.474132 0.020619 0.057862
2 0.654467 0.463240 0.018213 0.081007
2 0.627148 0.608918 0.013058 0.060585
2 0.682990 0.764125 0.020275 0.027910
2 0.730241 0.819265 0.035739 0.034717
2 0.633849 0.840027 0.013402 0.063989
2 0.828694 0.759360 0.033333 0.063308
2 0.987457 0.701838 0.024399 0.035398
2 0.872337 0.908441 0.018213 0.091899
8 0.706701 0.944860 0.012027 0.025868