2 0.751203 0.684820 0.029553 0.065351
2 0.573883 0.731450 0.028866 0.037440
2 0.689863 0.555820 0.020962 0.082369
2 0.952921 0.650442 0.021306 0.061947
2 0.815292 0.495235 0.016838 0.074200
2 0.745876 0.376787 0.014089 0.064670
2 0.710481 0.221920 0.014089 0.072158
2 0.647766 0.357046 0.024742 0.064670
2 0.862543 0.309394 0.033677 0.029272
2 0.583162 0.362832 0.030241 0.034037
2 0.577663 0.253914 0.016495 0.073519
2 0.619416 0.161675 0.016151 0.071477
8 0.895876 0.112321 0.013058 0.025868
2 0.321993 0.839346 0.014433 0.057182
2 0.335395 0.789653 0.024742 0.058543
2 0.417354 0.704561 0.021649 0.058543
2 0.266151 0.895167 0.026460 0.043567
2 0.479616 0.709788 0.013988 0.065441
2 0.477086 0.741772 0.015476 0.026236
2 0.112543 0.781484 0.018213 0.051736
2 0.180584 0.634445 0.015464 0.072158
2 0.467526 0.278421 0.020962 0.059905
2 0.308247 0.062968 0.037801 0.029272
2 0.261340 0.070796 0.016838 0.065351
2 0.155498 0.312798 0.016151 0.081007
2 0.059450 0.307352 0.016495 0.083730
8 0.092440 0.459837 0.007560 0.017018
8 0.051031 0.588155 0.011340 0.023145