4 0.682846 0.712101 0.025266 0.031914
4 0.035239 0.091755 0.034575 0.054522
4 0.683511 0.548205 0.025265 0.039229
4 0.125333 0.188830 0.025931 0.042554
4 0.623670 0.423870 0.027925 0.032580
4 0.663231 0.298870 0.033909 0.048538
4 0.644282 0.579454 0.022607 0.031250
4 0.608378 0.581117 0.029255 0.033246
4 0.224402 0.495345 0.023271 0.030585
4 0.285904 0.291888 0.019947 0.043882
4 0.692154 0.491357 0.023936 0.041223
4 0.094379 0.387966 0.021349 0.060505
4 0.066822 0.554521 0.028591 0.033246
4 0.080452 0.585771 0.029255 0.031915
4 0.213431 0.368018 0.017287 0.059176
4 0.845997 0.832447 0.024287 0.059840
4 0.648604 0.722407 0.027261 0.055186
4 0.150266 0.216090 0.021277 0.051861
4 0.146276 0.409575 0.017287 0.065160
4 0.678827 0.230386 0.022547 0.063165
4 0.147059 0.777474 0.017589 0.051197
4 0.627992 0.533577 0.031250 0.040559
8 0.106715 0.055186 0.013963 0.103723
4 0.073138 0.280917 0.026595 0.053856
4 0.654920 0.432846 0.031915 0.059840
4 0.654275 0.180153 0.019907 0.045877
4 0.638630 0.507979 0.020611 0.027926
4 0.835993 0.291223 0.019680 0.061170
4 0.221614 0.442487 0.021834 0.067153
8 0.207114 0.248670 0.009974 0.023935
4 0.612699 0.263298 0.016623 0.050532
4 0.611702 0.493018 0.017287 0.048536
4 0.129654 0.457779 0.015957 0.029921
4 0.399403 0.439030 0.030981 0.065383
4 0.085106 0.191822 0.018617 0.044547
4 0.636193 0.284242 0.018825 0.060505
4 0.173205 0.213098 0.019282 0.040559
4 0.632979 0.367686 0.023936 0.062501
4 0.697141 0.399934 0.020611 0.067155
4 0.732380 0.483377 0.017953 0.067819
4 0.095412 0.691489 0.016622 0.057181
4 0.887573 0.145143 0.021871 0.057153
4 0.106940 0.724734 0.023307 0.062501
4 0.122947 0.396166 0.025931 0.043884
4 0.633311 0.368019 0.023271 0.061835
4 0.654920 0.433511 0.031915 0.058511
4 0.224069 0.542738 0.025266 0.054152
4 0.669548 0.196476 0.019947 0.043218
4 0.095080 0.223072 0.019947 0.053856
4 0.285362 0.626995 0.026351 0.029255
3 0.127992 0.621343 0.019281 0.052527
4 0.277926 0.101063 0.021277 0.023937
4 0.127659 0.620345 0.019947 0.054522
4 0.305851 0.252992 0.023937 0.053857
4 0.628989 0.462433 0.022607 0.041889
4 0.713431 0.522606 0.015957 0.055852
4 0.094747 0.223404 0.020612 0.053192
4 0.628989 0.462433 0.022607 0.041889
4 0.559840 0.731715 0.010638 0.023272
8 0.112901 0.635511 0.015733 0.099353
8 0.016339 0.976915 0.022131 0.043528
8 0.056092 0.243004 0.017217 0.031408