6 0.445644 0.017562 0.052429 0.031940
6 0.250911 0.114110 0.054742 0.074516
6 0.328183 0.196781 0.012572 0.040849
6 0.412298 0.127654 0.055898 0.019269
6 0.382035 0.290794 0.037008 0.042095
6 0.466500 0.163189 0.013800 0.084948
6 0.178796 0.320333 0.012180 0.038917
6 0.134154 0.556259 0.023905 0.109538
6 0.192367 0.490335 0.016962 0.073070
6 0.366916 0.598246 0.035296 0.051932
6 0.103701 0.711897 0.040864 0.060157
7 0.019854 0.876304 0.013493 0.028316
6 0.628951 0.030560 0.045104 0.022337
6 0.773538 0.055303 0.048915 0.060330
6 0.791099 0.136364 0.024587 0.140089
6 0.866344 0.078506 0.043405 0.026297
6 0.893531 0.143070 0.032521 0.074516
6 0.752699 0.346106 0.048188 0.054435
6 0.816307 0.475410 0.024287 0.070045
6 0.679562 0.524892 0.036090 0.064858
6 0.837702 0.656026 0.054742 0.033363
6 0.855301 0.696840 0.011062 0.049774
6 0.953216 0.785725 0.013045 0.057291
6 0.949362 0.540143 0.017790 0.124361
6 0.965372 0.546161 0.018382 0.132958
6 0.923864 0.432985 0.013045 0.032689
6 0.922609 0.372206 0.017925 0.040984
6 0.926087 0.195604 0.009191 0.073770
7 0.842136 0.200584 0.016577 0.020631
7 0.734773 0.798435 0.014649 0.027571
6 0.069972 0.047338 0.033820 0.013525
6 0.067785 0.060863 0.037610 0.013525
6 0.250004 0.030432 0.056269 0.022542
6 0.288780 0.032122 0.018368 0.010145
6 0.244610 0.054383 0.026823 0.021978
6 0.273765 0.049874 0.044899 0.019724
7 0.334991 0.030995 0.005831 0.020288
6 0.364721 0.077585 0.024922 0.026402
6 0.370113 0.135484 0.018452 0.090323
6 0.433376 0.047941 0.007429 0.050488
6 0.455785 0.072168 0.038813 0.088188
7 0.422832 0.020381 0.011742 0.018528
6 0.454104 0.116262 0.016774 0.014822
6 0.350413 0.306672 0.015980 0.073052
6 0.365505 0.347365 0.029931 0.043636
6 0.362208 0.388549 0.061383 0.052461
6 0.459735 0.449589 0.011921 0.056873
6 0.469373 0.493715 0.012429 0.064718
6 0.467725 0.530241 0.014711 0.072072
6 0.463920 0.536860 0.016741 0.091192
6 0.451364 0.581475 0.022574 0.046086
6 0.452379 0.642025 0.021560 0.126984
6 0.457452 0.679777 0.015473 0.135808
6 0.467852 0.674139 0.012429 0.104920
6 0.369944 0.638348 0.037286 0.023534
6 0.292567 0.780948 0.032382 0.086852
7 0.316666 0.754989 0.020333 0.012615
6 0.846731 0.007104 0.027792 0.014207
6 0.873145 0.012431 0.028251 0.018646
6 0.942969 0.007769 0.052138 0.015539
6 0.925054 0.141625 0.034223 0.034630
6 0.943543 0.071034 0.018834 0.102112
6 0.951927 0.076806 0.019523 0.130525
6 0.959736 0.080801 0.011254 0.122534
6 0.973173 0.141403 0.015159 0.097229
6 0.965593 0.072588 0.006891 0.069703
6 0.973632 0.075918 0.018375 0.133189
6 0.961114 0.225090 0.011714 0.112768
7 0.969957 0.231972 0.007809 0.015539
7 0.973402 0.287468 0.011944 0.011987
6 0.962607 0.279698 0.024806 0.055051
6 0.964330 0.356060 0.010795 0.054163
6 0.965134 0.402010 0.017456 0.075030
6 0.740570 0.393113 0.022442 0.054222
8 0.475084 0.375550 0.016873 0.034561