2 0.821649 0.784207 0.026117 0.073519
2 0.705670 0.730088 0.015464 0.064670
2 0.608419 0.692988 0.014777 0.058543
8 0.818041 0.661675 0.038144 0.055820
2 0.655842 0.349898 0.018213 0.077604
2 0.583677 0.416610 0.018213 0.078965
2 0.594502 0.341389 0.015120 0.060585
2 0.981787 0.302927 0.028866 0.050374
2 0.961340 0.344452 0.018213 0.053097
2 0.900344 0.268890 0.016495 0.073519
8 0.839003 0.179033 0.011340 0.032675
2 0.687457 0.264125 0.034708 0.047651
2 0.562371 0.120490 0.020275 0.080327
2 0.359278 0.831858 0.014089 0.066712
2 0.463574 0.614364 0.021993 0.066031
8 0.169759 0.846494 0.014433 0.034717
8 0.065292 0.544588 0.011684 0.024506
2 0.082474 0.850919 0.030241 0.029952
2 0.033333 0.865214 0.017182 0.061266
2 0.070103 0.751191 0.034364 0.068754
2 0.149828 0.576583 0.039175 0.039483
2 0.119931 0.556841 0.017869 0.063989
2 0.019588 0.476855 0.015120 0.060585
2 0.315292 0.321647 0.021649 0.066031
2 0.247766 0.180735 0.019931 0.064670