0 0.859794 0.803268 0.016495 0.073519
0 0.802234 0.933034 0.016838 0.075734
0 0.657904 0.944520 0.040206 0.027910
0 0.701546 0.852621 0.015464 0.082369
0 0.695704 0.791014 0.040206 0.032675
0 0.928179 0.838666 0.016495 0.085773
0 0.868213 0.714772 0.016151 0.078965
0 0.898969 0.745405 0.020619 0.043567
0 0.892268 0.660313 0.027835 0.068074
0 0.987113 0.695031 0.014089 0.078965
0 0.707560 0.740980 0.022680 0.053778
0 0.690842 0.744943 0.018798 0.058106
0 0.682818 0.702519 0.035052 0.054459
0 0.849313 0.634786 0.018213 0.060585
0 0.699141 0.525868 0.018900 0.064670
0 0.526289 0.628472 0.042268 0.037672
0 0.798797 0.449966 0.020275 0.076242
0 0.958935 0.440095 0.036082 0.040163
0 0.793814 0.332539 0.030928 0.036079
0 0.757560 0.289653 0.037457 0.036079
0 0.681443 0.319946 0.023368 0.043567
0 0.577686 0.310734 0.019199 0.076967
0 0.607388 0.184139 0.016838 0.079646
0 0.990378 0.129680 0.019244 0.067393
0 0.882818 0.098707 0.022680 0.070796
0 0.865464 0.060585 0.031271 0.039483
0 0.738612 0.033608 0.034803 0.052594
0 0.629210 0.106535 0.027491 0.048332
0 0.567698 0.107556 0.027491 0.040844
0 0.463574 0.073860 0.035052 0.048332
0 0.347766 0.199115 0.015808 0.074200
0 0.470275 0.934990 0.017526 0.053778
0 0.433333 0.979918 0.023368 0.040163
0 0.324055 0.854663 0.030928 0.030633
0 0.434708 0.788632 0.016495 0.075562
0 0.202577 0.942818 0.016151 0.046290
0 0.181443 0.925800 0.019931 0.072158
0 0.186254 0.765146 0.037801 0.031314
0 0.234192 0.668822 0.015464 0.059224
0 0.131615 0.699115 0.041237 0.029952
0 0.098110 0.949626 0.032646 0.029952
0 0.039003 0.887679 0.032646 0.034037
0 0.026976 0.687883 0.019588 0.038802
0 0.130928 0.476855 0.022680 0.045609
0 0.214433 0.481961 0.024742 0.068074
0 0.262715 0.517699 0.034708 0.031995
0 0.331100 0.540504 0.042268 0.032675
0 0.394845 0.440095 0.025430 0.078285
0 0.148282 0.419673 0.018900 0.070116
0 0.020903 0.495793 0.031734 0.043132
0 0.099485 0.231450 0.025773 0.077604
0 0.342702 0.846835 0.013240 0.074881
0 0.043071 0.379850 0.034132 0.032675
0 0.029210 0.375425 0.015120 0.072839
0 0.084021 0.351259 0.031959 0.046290
0 0.181959 0.167801 0.019588 0.067393
0 0.119588 0.107216 0.028866 0.066031
8 0.349868 0.454443 0.565027 0.609423