8 0.979210 0.484003 0.041581 0.083050
8 0.778694 0.747447 0.071478 0.038121
8 0.875601 0.719197 0.028179 0.045609
8 0.731615 0.637168 0.043986 0.040844
8 0.585567 0.699115 0.094158 0.032675
1 0.618041 0.394826 0.033333 0.028591
1 0.647766 0.375085 0.015120 0.027229
1 0.605155 0.363513 0.026117 0.019061
1 0.667698 0.578965 0.010309 0.040163
1 0.829210 0.692648 0.016495 0.027910
1 0.934192 0.531314 0.012027 0.040163
1 0.854467 0.871001 0.021649 0.027910
1 0.892440 0.398911 0.010997 0.023145
8 0.684021 0.256978 0.011340 0.048332
8 0.794158 0.142614 0.026804 0.066031
1 0.894845 0.072498 0.009622 0.042886
1 0.873368 0.044929 0.010653 0.023145
1 0.533849 0.265146 0.014777 0.053778
1 0.412371 0.325732 0.015808 0.063308
1 0.519072 0.253233 0.012027 0.035398
1 0.384536 0.562968 0.026117 0.038121
1 0.494674 0.651123 0.016151 0.025187
1 0.568557 0.676310 0.015464 0.025187
1 0.397766 0.692988 0.014089 0.035398
1 0.328351 0.604493 0.019588 0.019061
8 0.249141 0.141593 0.360825 0.070796
1 0.559622 0.053778 0.026460 0.039483
1 0.485395 0.007828 0.015464 0.014295
1 0.366667 0.058543 0.011684 0.021784
1 0.280412 0.059905 0.015808 0.028591
1 0.242955 0.087815 0.013746 0.032675
8 0.109966 0.012253 0.081787 0.023145
8 0.046048 0.030973 0.018557 0.023826
1 0.200172 0.517018 0.018213 0.057862
1 0.280928 0.573179 0.016838 0.027229
1 0.158591 0.590878 0.033333 0.055820
1 0.102062 0.612662 0.023368 0.025868
8 0.089175 0.601430 0.060137 0.060585
8 0.264261 0.567733 0.022680 0.029952
8 0.378522 0.868958 0.043643 0.086453
1 0.338488 0.763445 0.012371 0.030633
1 0.332474 0.859428 0.012027 0.018380
1 0.261684 0.825051 0.012027 0.019061
1 0.502761 0.879827 0.015808 0.025187
1 0.606529 0.945882 0.013058 0.022464
8 0.128866 0.872362 0.039175 0.173587
8 0.583446 0.379011 0.123870 0.023731