1 0.994502 0.760381 0.010997 0.106195
6 0.910387 0.860307 0.010155 0.063704
6 0.859273 0.862604 0.030569 0.058625
6 0.869777 0.875029 0.019913 0.036188
6 0.780932 0.819058 0.021618 0.083474
6 0.759893 0.758864 0.027768 0.045839
6 0.738702 0.773581 0.027768 0.044391
6 0.928205 0.733894 0.009743 0.053077
6 0.954999 0.710613 0.032640 0.029916
6 0.963768 0.666946 0.029229 0.051629
6 0.835524 0.616403 0.020704 0.083957
6 0.912860 0.566463 0.021435 0.040531
1 0.913945 0.621511 0.016784 0.073519
0 0.727663 0.703199 0.017526 0.081688
1 0.576632 0.939755 0.021306 0.055140
6 0.602921 0.555820 0.026460 0.068754
0 0.718900 0.468686 0.016495 0.071477
6 0.707216 0.369639 0.019244 0.057182
6 0.721649 0.298843 0.017869 0.035398
1 0.946907 0.276719 0.028522 0.049694
0 0.867698 0.266167 0.034364 0.043567
8 0.924055 0.152825 0.075601 0.194010
1 0.733677 0.192648 0.019244 0.093941
6 0.829725 0.157931 0.031959 0.043567
6 0.806701 0.228387 0.015464 0.037440
6 0.957216 0.290674 0.028522 0.032675
6 0.971993 0.253574 0.018213 0.036079
8 0.776358 0.130136 0.006959 0.061074
0 0.795398 0.138656 0.030347 0.026421
8 0.736770 0.016338 0.071478 0.031314
6 0.668041 0.177672 0.012371 0.055820
8 0.576460 0.183118 0.048454 0.084411
8 0.606357 0.376787 0.033333 0.112321
1 0.638832 0.261402 0.020619 0.072158
1 0.742268 0.337985 0.023368 0.070116
1 0.570790 0.371681 0.021306 0.084411
6 0.215464 0.939415 0.035739 0.023145
1 0.339838 0.857977 0.027540 0.080828
0 0.324399 0.834241 0.013746 0.070116
3 0.283505 0.810415 0.030241 0.038802
6 0.475945 0.876106 0.026804 0.032675
6 0.047251 0.716133 0.031271 0.050374
0 0.032302 0.696052 0.022680 0.070116
6 0.083162 0.660654 0.041924 0.030633
6 0.048454 0.618788 0.032302 0.028591
6 0.122165 0.563649 0.013402 0.053097
6 0.321306 0.485364 0.026804 0.028591
6 0.422680 0.426481 0.033677 0.041525
6 0.463918 0.538802 0.018557 0.079646
8 0.378179 0.503063 0.056701 0.087134
1 0.191237 0.399251 0.042268 0.097345
6 0.282168 0.635807 0.010921 0.050374
0 0.469931 0.241321 0.024399 0.059224
2 0.303436 0.018380 0.019931 0.035398
1 0.231271 0.843091 0.021993 0.036079
8 0.518557 0.839687 0.052921 0.143635
6 0.925094 0.367257 0.010325 0.057862
8 0.040550 0.179374 0.043986 0.056501
8 0.101890 0.849898 0.023711 0.046971