0 0.259622 0.079646 0.038832 0.040844
0 0.326976 0.194350 0.025773 0.064670
0 0.122509 0.120150 0.026460 0.059224
0 0.037629 0.237236 0.030584 0.027910
0 0.008591 0.179374 0.017182 0.055140
0 0.128351 0.338325 0.035395 0.038121
0 0.169931 0.329135 0.027148 0.068754
0 0.137457 0.390402 0.034364 0.044248
0 0.032646 0.462560 0.035739 0.046971
0 0.319759 0.230769 0.042268 0.028591
0 0.220962 0.357726 0.015120 0.063308
0 0.292784 0.342069 0.027491 0.046971
0 0.170619 0.528251 0.026460 0.072158
0 0.317354 0.489108 0.031959 0.041525
0 0.377491 0.448264 0.039519 0.036079
0 0.110137 0.629680 0.023024 0.028591
0 0.096907 0.703199 0.036426 0.039483
0 0.078522 0.766848 0.023711 0.059224
0 0.066473 0.723962 0.031915 0.038802
0 0.035395 0.692308 0.024055 0.062628
0 0.179083 0.691627 0.023459 0.069435
0 0.193814 0.642274 0.024742 0.061947
0 0.004296 0.859769 0.008591 0.043567
0 0.303780 0.600749 0.020619 0.074200
0 0.356701 0.770252 0.035739 0.052417
0 0.258935 0.916610 0.020962 0.056501
0 0.422659 0.946903 0.044631 0.031314
0 0.480584 0.671886 0.028522 0.053097
0 0.420551 0.914825 0.024424 0.054997
0 0.536254 0.716474 0.029210 0.038802
0 0.501430 0.958314 0.028290 0.036437
0 0.528694 0.307352 0.016838 0.074200
0 0.543643 0.384956 0.033677 0.031995
0 0.491409 0.463921 0.024742 0.060585
0 0.545189 0.487066 0.041581 0.029272
0 0.839175 0.011572 0.031615 0.023145
0 0.853952 0.035398 0.035052 0.039483
0 0.810309 0.078285 0.023368 0.050374
0 0.744845 0.039483 0.020962 0.046290
0 0.808763 0.212730 0.018900 0.056501
0 0.907216 0.247134 0.019244 0.073573
0 0.897766 0.284888 0.016838 0.070116
0 0.925258 0.362832 0.042268 0.029952
0 0.738832 0.382233 0.015808 0.075562
0 0.814261 0.424098 0.020962 0.053097
0 0.830928 0.487747 0.016495 0.076923
0 0.959107 0.447243 0.015120 0.073519
0 0.624055 0.738257 0.019931 0.074200
0 0.754467 0.696052 0.025773 0.072839
0 0.799656 0.941457 0.038488 0.034037
0 0.843299 0.926481 0.034364 0.055820
0 0.954811 0.854663 0.016151 0.081007
0 0.963746 0.786249 0.027148 0.063989
0 0.984021 0.665419 0.026460 0.056501
0 0.995097 0.644982 0.009118 0.032860
0 0.609212 0.833327 0.014970 0.061713
0 0.718047 0.814493 0.031154 0.033662
0 0.790670 0.775622 0.026703 0.055302
8 0.566151 0.433288 0.025773 0.027910
8 0.713574 0.610619 0.023711 0.021784
8 0.576976 0.810756 0.009622 0.072158
8 0.593483 0.819502 0.019724 0.055702
8 0.619074 0.899047 0.020331 0.076140
8 0.652098 0.885323 0.075658 0.073134
8 0.571990 0.455835 0.019825 0.020037
8 0.533505 0.165419 0.019588 0.031314
8 0.695189 0.187883 0.021306 0.039483
8 0.765636 0.263104 0.011684 0.089176
8 0.727148 0.322668 0.015120 0.024506
8 0.789863 0.263445 0.029210 0.063989
8 0.450000 0.342750 0.055326 0.052417
8 0.207732 0.482301 0.015464 0.057862
8 0.436598 0.642614 0.044330 0.031314
8 0.227663 0.256637 0.035395 0.073519
0 0.187651 0.990954 0.018271 0.016731