1 0.732474 0.937032 0.031271 0.029272
1 0.668900 0.825051 0.014089 0.034037
1 0.536082 0.539483 0.039863 0.042886
1 0.829381 0.569435 0.026460 0.031995
1 0.750172 0.471409 0.019244 0.042886
1 0.579401 0.508922 0.015434 0.019845
1 0.604124 0.345813 0.021993 0.032675
1 0.472165 0.310415 0.020619 0.063989
1 0.457216 0.579646 0.018213 0.029272
1 0.443471 0.346118 0.029210 0.037369
8 0.464777 0.435671 0.017526 0.160654
8 0.452062 0.482301 0.079381 0.127297
1 0.437131 0.320148 0.010344 0.023551
1 0.446759 0.205582 0.016542 0.038121
1 0.534192 0.210347 0.021649 0.027229
8 0.303436 0.341048 0.069416 0.050374
1 0.307904 0.121852 0.015808 0.062628
1 0.214516 0.130318 0.028304 0.031908
8 0.186598 0.122192 0.021993 0.014295
1 0.211060 0.036319 0.008394 0.020382
1 0.146220 0.180054 0.011340 0.022464
1 0.072285 0.132327 0.012998 0.034327
1 0.145361 0.490535 0.014433 0.033486
1 0.781443 0.068754 0.019931 0.035398
8 0.886608 0.723767 0.030928 0.028591