4 0.204667 0.123514 0.025333 0.043593
4 0.290019 0.173929 0.039961 0.054053
4 0.194000 0.237120 0.036000 0.056803
4 0.219893 0.339221 0.018453 0.048111
4 0.125090 0.315855 0.032847 0.041738
4 0.306062 0.506328 0.017457 0.056314
4 0.192752 0.590009 0.035441 0.036029
4 0.165519 0.641347 0.023038 0.054161
4 0.266003 0.697752 0.020005 0.073453
4 0.284196 0.716029 0.019059 0.039720
4 0.426333 0.714003 0.016667 0.022457
4 0.215667 0.377147 0.012667 0.027741
4 0.804934 0.105883 0.030133 0.043288
4 0.740819 0.153897 0.022368 0.067371
4 0.713364 0.227995 0.025272 0.054404
4 0.748733 0.213342 0.018927 0.059445
4 0.901333 0.183620 0.025333 0.042272
4 0.659605 0.299607 0.021680 0.053362
4 0.616589 0.297226 0.016174 0.047556
4 0.696182 0.325775 0.028363 0.030679
4 0.713804 0.363381 0.023401 0.049988
4 0.827333 0.276750 0.025333 0.040951
4 0.770154 0.385073 0.025641 0.043593
4 0.643667 0.422721 0.020667 0.058124
4 0.752065 0.447997 0.034537 0.042626
4 0.739624 0.533025 0.023419 0.046235
4 0.724472 0.593846 0.030971 0.054052
4 0.671821 0.595460 0.026153 0.070917
4 0.635716 0.700643 0.026098 0.043295
4 0.710707 0.711127 0.029595 0.053695
4 0.734989 0.663696 0.031356 0.038091
4 0.651667 0.760028 0.034000 0.043174