3 0.064323 0.110929 0.034896 0.044809
3 0.159115 0.122951 0.025521 0.046995
3 0.323958 0.302186 0.014583 0.057923
3 0.374219 0.323497 0.032813 0.043716
3 0.140885 0.598751 0.036979 0.048400
3 0.120573 0.820765 0.016146 0.067760
3 0.216146 0.721858 0.035417 0.042623
3 0.248177 0.648634 0.038021 0.036066
3 0.280990 0.628962 0.028646 0.055738
3 0.357552 0.803279 0.030729 0.030601
3 0.519271 0.097268 0.033333 0.043716
3 0.548958 0.127322 0.015625 0.071038
3 0.570052 0.137705 0.020313 0.045902
3 0.561198 0.374863 0.032813 0.030601
3 0.581250 0.679235 0.013542 0.060109
3 0.614844 0.656831 0.024479 0.067760
3 0.722656 0.833333 0.029688 0.071038
3 0.808073 0.846995 0.021354 0.050273
3 0.885417 0.601093 0.031250 0.048087
3 0.843229 0.542623 0.019792 0.066667
8 0.023438 0.142077 0.020833 0.198907
3 0.828906 0.372131 0.032813 0.051366