2 0.969995 0.630556 0.060011 0.029630
2 0.951142 0.562037 0.097716 0.079630
2 0.847053 0.534259 0.025491 0.083333
2 0.653213 0.500463 0.050982 0.097222
2 0.634095 0.166204 0.019118 0.112037
2 0.582581 0.892130 0.095592 0.065741
2 0.557090 0.731944 0.026553 0.186111
2 0.602496 0.796759 0.084440 0.076852
2 0.243760 0.331944 0.087095 0.041667
2 0.356346 0.050000 0.043548 0.098148
8 0.902284 0.469444 0.010621 0.053704
8 0.747743 0.457407 0.012746 0.070370
8 0.180828 0.849537 0.019649 0.052778
8 0.172597 0.280556 0.030802 0.094444
8 0.478492 0.406019 0.030802 0.039815
2 0.899894 0.982407 0.035582 0.035185