6 0.564292 0.980014 0.008098 0.039972
6 0.830229 0.984347 0.036731 0.022920
6 0.794510 0.964361 0.016197 0.071278
6 0.821986 0.892105 0.019088 0.028511
7 0.717289 0.954158 0.015618 0.031865
6 0.711938 0.885117 0.010701 0.054785
6 0.829216 0.869464 0.055530 0.074911
7 0.767757 0.762966 0.009544 0.025156
6 0.738112 0.795950 0.043383 0.028511
6 0.688511 0.800981 0.043094 0.056463
6 0.622425 0.784280 0.008098 0.066387
7 0.631101 0.735294 0.007520 0.029070
6 0.607132 0.656819 0.035936 0.040670
7 0.591804 0.649202 0.011641 0.034661
6 0.813888 0.598329 0.037020 0.120753
6 0.776434 0.593018 0.046564 0.037456
6 0.729183 0.621529 0.069485 0.026275
6 0.729400 0.662618 0.032899 0.057022
6 0.842267 0.504130 0.057338 0.032984
6 0.875925 0.491831 0.039045 0.045282
6 0.906206 0.427541 0.041763 0.103423
6 0.914450 0.447408 0.036704 0.111729
6 0.880383 0.379861 0.021758 0.081992
6 0.698299 0.447243 0.014968 0.086045
6 0.832019 0.267431 0.057293 0.022147
7 0.817976 0.219228 0.007190 0.025621
7 0.656321 0.152136 0.017300 0.045163
7 0.635924 0.132272 0.015153 0.023227
7 0.782590 0.141713 0.011908 0.047768
6 0.773912 0.096551 0.036343 0.092931
6 0.751809 0.075924 0.040217 0.031700
6 0.733722 0.091557 0.054822 0.036911
6 0.765177 0.031014 0.030107 0.022147
6 0.755958 0.011211 0.043573 0.020932
6 0.651423 0.036756 0.067718 0.027165
6 0.616552 0.059458 0.064932 0.038215
6 0.616625 0.095718 0.054741 0.033437
6 0.550939 0.056000 0.049205 0.062533
6 0.457993 0.094867 0.021934 0.096839
6 0.467005 0.027968 0.039510 0.054446
6 0.336197 0.128121 0.023244 0.098074
7 0.463408 0.464535 0.014660 0.049588
7 0.583572 0.530568 0.008901 0.052118
7 0.502546 0.392684 0.022776 0.020240
6 0.668155 0.445055 0.023608 0.087537
6 0.598625 0.433210 0.020158 0.096656
6 0.646402 0.368184 0.029844 0.073876
6 0.342177 0.408921 0.059337 0.026065
6 0.361764 0.479295 0.041873 0.036491
6 0.491142 0.900757 0.049313 0.035454
6 0.446672 0.830341 0.027433 0.031520
7 0.372686 0.843490 0.019121 0.018186
6 0.359174 0.847983 0.012604 0.052095
6 0.285108 0.825491 0.029625 0.016465
6 0.278845 0.951278 0.034833 0.078440
6 0.272166 0.814313 0.046970 0.056236
8 0.509298 0.970704 0.058469 0.057308
7 0.379986 0.695446 0.014279 0.047667
6 0.303293 0.730527 0.063180 0.042846
6 0.225449 0.644261 0.035514 0.064197
7 0.329365 0.444414 0.017458 0.015532
7 0.180000 0.229243 0.016903 0.038562
7 0.127904 0.057600 0.009145 0.050857
6 0.201337 0.198447 0.014133 0.079803
6 0.146193 0.064818 0.030204 0.111402
6 0.031195 0.122661 0.014687 0.063199
8 0.070446 0.399657 0.118031 0.040617
6 0.019324 0.450875 0.037877 0.095183
6 0.081872 0.463771 0.013888 0.106931
7 0.086975 0.460709 0.005158 0.041510
7 0.013543 0.517785 0.024736 0.030390
7 0.072093 0.580234 0.017197 0.031502
6 0.023166 0.643028 0.045560 0.029317
7 0.005653 0.730178 0.010536 0.019189
6 0.047055 0.853065 0.010492 0.072006
6 0.093380 0.970096 0.007722 0.059808