1 0.631443 0.108577 0.043643 0.044248
1 0.365979 0.052076 0.017869 0.019741
1 0.730928 0.625936 0.028179 0.037440
1 0.339003 0.469707 0.018900 0.039483
1 0.366151 0.275017 0.021649 0.035398
1 0.049141 0.110279 0.013746 0.032675
1 0.045189 0.071137 0.012027 0.037440
1 0.018557 0.106535 0.015120 0.030633
1 0.103265 0.200817 0.022337 0.027229
1 0.247079 0.009871 0.013746 0.019741
1 0.265292 0.075562 0.015808 0.023145
1 0.283333 0.053097 0.019588 0.032675
1 0.326976 0.220899 0.013402 0.027910
8 0.150172 0.428863 0.020619 0.168822
8 0.225601 0.815180 0.053952 0.075562
1 0.100687 0.719197 0.017869 0.030633
1 0.129897 0.728340 0.023368 0.020516
1 0.169634 0.751191 0.016745 0.026549
1 0.226289 0.766848 0.019588 0.031995
1 0.293127 0.808033 0.015120 0.032675
1 0.319416 0.913887 0.028522 0.036079
1 0.362199 0.914568 0.027491 0.037440
8 0.643471 0.981961 0.099313 0.034717
1 0.613402 0.821647 0.017869 0.036760
8 0.622904 0.748128 0.082714 0.100749
1 0.681541 0.855929 0.014155 0.025882
8 0.610653 0.852621 0.024742 0.022464
1 0.688316 0.759360 0.016495 0.027910
8 0.714089 0.697754 0.015120 0.019061
8 0.825430 0.842069 0.016495 0.138870
1 0.813574 0.989452 0.016151 0.019734
1 0.504296 0.904016 0.010653 0.021784
1 0.455498 0.706943 0.014777 0.021103
1 0.947766 0.930565 0.019244 0.049013
1 0.968213 0.955752 0.025086 0.040844
8 0.697766 0.544248 0.018213 0.053778
1 0.569416 0.208305 0.013058 0.027229
1 0.680412 0.338666 0.009622 0.018380
1 0.760825 0.342410 0.013058 0.031314
1 0.924399 0.252212 0.015120 0.027910
8 0.462887 0.190265 0.072852 0.157250
8 0.462715 0.098442 0.053952 0.053931
8 0.424742 0.146698 0.010997 0.049694
8 0.871306 0.024166 0.043643 0.044248