6 0.078836 0.063711 0.045875 0.030551
6 0.041056 0.093509 0.064379 0.038020
6 0.086184 0.114009 0.035805 0.101341
7 0.054742 0.052906 0.010023 0.014903
7 0.164611 0.100596 0.010023 0.014903
6 0.056377 0.227557 0.048976 0.069300
6 0.075173 0.309613 0.036237 0.058867
6 0.129530 0.245905 0.017733 0.029814
6 0.242056 0.184799 0.027838 0.116244
6 0.192945 0.271237 0.053585 0.037258
6 0.221087 0.376677 0.027371 0.100596
6 0.270817 0.284277 0.055898 0.027571
6 0.134095 0.725958 0.022108 0.090559
6 0.148552 0.819300 0.009518 0.060358
6 0.412299 0.445880 0.041437 0.025994
6 0.391880 0.537560 0.033568 0.059009
6 0.423092 0.493095 0.048959 0.038351
6 0.415960 0.468984 0.054742 0.030368
6 0.531226 0.594778 0.036237 0.107016
6 0.594769 0.543720 0.010178 0.103577
8 0.171164 0.499627 0.323053 0.999255
6 0.422321 0.124441 0.065150 0.046200
6 0.354086 0.129171 0.042791 0.087410
6 0.612375 0.035675 0.050501 0.020679
6 0.635698 0.043627 0.049345 0.034952
6 0.606391 0.091272 0.033941 0.030570
6 0.727113 0.044266 0.044618 0.047086
6 0.771588 0.053043 0.063608 0.030099
6 0.790539 0.033905 0.064257 0.029061
6 0.806862 0.080849 0.032382 0.072280
6 0.812783 0.135198 0.055139 0.038487
7 0.856052 0.085609 0.016082 0.015297
6 0.880301 0.030924 0.038165 0.039493
6 0.749603 0.162817 0.015059 0.055887
6 0.622976 0.069044 0.032382 0.012901
6 0.939928 0.087183 0.020658 0.123696
6 0.950392 0.283532 0.011320 0.081222
6 0.836189 0.528689 0.038493 0.128912
6 0.931160 0.494251 0.038193 0.043180
7 0.891055 0.571123 0.008446 0.039694
6 0.905359 0.688450 0.057440 0.025484
6 0.907093 0.763040 0.023901 0.086438
6 0.728604 0.638972 0.014649 0.087183
6 0.693121 0.794279 0.038004 0.033669
6 0.583630 0.828987 0.023081 0.061848
6 0.575089 0.759954 0.010963 0.051597
6 0.646181 0.885109 0.008822 0.076280
6 0.147799 0.160290 0.025394 0.047551
6 0.162578 0.180998 0.053763 0.041414
6 0.198387 0.178697 0.034519 0.050618
6 0.157817 0.233533 0.032337 0.052919
6 0.146609 0.293915 0.030534 0.055165
6 0.074215 0.416124 0.015101 0.091839
6 0.079004 0.426624 0.005156 0.053039
6 0.407190 0.063107 0.031865 0.023896
6 0.430261 0.047456 0.028208 0.014136
6 0.409889 0.049139 0.062685 0.047793
7 0.438010 0.074462 0.010622 0.012453
6 0.336225 0.400503 0.027224 0.019922
6 0.304175 0.516820 0.026763 0.034820
6 0.381377 0.440760 0.023675 0.076751
6 0.448248 0.558229 0.013016 0.114004
6 0.459739 0.541914 0.016474 0.068796
8 0.469908 0.643732 0.009966 0.033416
6 0.285124 0.800199 0.026727 0.042989
6 0.102299 0.599704 0.029594 0.040506
6 0.116136 0.585944 0.030074 0.048855
6 0.105098 0.615782 0.030714 0.021335
6 0.078565 0.724098 0.021810 0.024432
6 0.762230 0.377913 0.041793 0.066569
6 0.751557 0.421945 0.042331 0.088065
6 0.776400 0.480192 0.022421 0.034671
6 0.796041 0.491807 0.026547 0.090491
6 0.915776 0.104445 0.019291 0.032221
6 0.970387 0.743796 0.008726 0.063499
7 0.965698 0.763080 0.009699 0.031458
8 0.980326 0.365702 0.016476 0.045882
8 0.154605 0.986355 0.049814 0.023484