8 0.210304 0.297719 0.013514 0.036317
8 0.360220 0.022917 0.027871 0.043693
8 0.666385 0.464105 0.040540 0.036317
3 0.260558 0.114442 0.029561 0.051520
3 0.383868 0.902027 0.029560 0.025338
3 0.906250 0.930744 0.032095 0.030406
3 0.152027 0.137246 0.030405 0.049831
8 0.864865 0.391892 0.065879 0.032094
8 0.689611 0.986487 0.012669 0.025337
3 0.827280 0.859797 0.031250 0.042230
3 0.861909 0.653716 0.029561 0.027028
3 0.880912 0.828969 0.033784 0.034628
8 0.437922 0.819679 0.022804 0.065034
3 0.204392 0.510557 0.018581 0.044763
3 0.756334 0.492398 0.031250 0.043919
8 0.266256 0.227178 0.017736 0.076858
8 0.807433 0.723818 0.011824 0.067567
3 0.902027 0.117821 0.025338 0.029561
3 0.628378 0.562500 0.025338 0.055743
3 0.711149 0.251689 0.015203 0.062500
3 0.096284 0.576436 0.028716 0.048141
3 0.166385 0.726774 0.020270 0.053209
3 0.584459 0.084459 0.030405 0.057433
3 0.182428 0.179899 0.028726 0.040541
3 0.241554 0.862331 0.020270 0.054054
3 0.409206 0.319257 0.026182 0.057433
3 0.082348 0.658784 0.027872 0.043919
3 0.281250 0.814189 0.033783 0.042230
3 0.774071 0.736064 0.032939 0.044764
3 0.726351 0.810811 0.028716 0.037162
3 0.387247 0.355574 0.016047 0.064190
3 0.703125 0.377534 0.026182 0.040541
3 0.202280 0.662585 0.024493 0.041385
3 0.208193 0.368243 0.014358 0.067567
3 0.626267 0.885980 0.014358 0.074324
3 0.669764 0.266892 0.016892 0.065878
3 0.065878 0.262247 0.035473 0.036318
3 0.094595 0.357686 0.032094 0.039696
3 0.570101 0.822635 0.030406 0.048986
3 0.156250 0.875844 0.020270 0.062500
3 0.852196 0.339950 0.027027 0.039696
3 0.308277 0.162584 0.032095 0.032939
3 0.940456 0.195946 0.027871 0.059121
3 0.898226 0.632601 0.021115 0.048986
3 0.934122 0.316723 0.020270 0.062500
3 0.451858 0.646537 0.016892 0.068412
3 0.886402 0.481841 0.029560 0.034628
3 0.222551 0.152027 0.029561 0.052365
3 0.209460 0.779138 0.011824 0.061655
3 0.877111 0.132179 0.022804 0.034628
3 0.885135 0.866132 0.028716 0.039696
3 0.784628 0.183277 0.018581 0.072635
3 0.673986 0.782517 0.021959 0.063345
3 0.318412 0.642956 0.025338 0.051520
3 0.856419 0.689190 0.028716 0.032094
3 0.839949 0.455237 0.016047 0.064188
3 0.953547 0.547298 0.032095 0.043919
3 0.339949 0.527450 0.021115 0.063345
8 0.311233 0.492398 0.026183 0.125000
3 0.775338 0.113598 0.028716 0.044763
3 0.768581 0.851774 0.015203 0.066723
3 0.281672 0.345861 0.017736 0.066723
3 0.841216 0.600507 0.018581 0.070945
3 0.443412 0.388514 0.025338 0.055743
3 0.635980 0.242399 0.021959 0.070945
3 0.904139 0.211994 0.026182 0.057433
8 0.957770 0.815878 0.020270 0.076014
3 0.150760 0.580237 0.027871 0.057433
3 0.806588 0.605152 0.035473 0.032940
3 0.376689 0.738598 0.013514 0.056588
3 0.440034 0.270270 0.016892 0.070945
3 0.587416 0.706081 0.022804 0.050676
8 0.447213 0.451013 0.017736 0.065879
3 0.293074 0.072635 0.020270 0.057433
3 0.061655 0.692146 0.018581 0.061655
3 0.983710 0.817567 0.018581 0.060812
3 0.290963 0.198480 0.026182 0.038852
3 0.619088 0.179476 0.023648 0.048141
3 0.368665 0.848817 0.019426 0.043920
3 0.631334 0.140625 0.027872 0.043074
8 0.249155 0.716639 0.021959 0.036318
3 0.800676 0.957348 0.018581 0.027872
3 0.163851 0.475507 0.030406 0.038851
3 0.749578 0.855996 0.017736 0.066723
8 0.771537 0.078969 0.102196 0.029560
3 0.861486 0.441301 0.015203 0.076859
3 0.663852 0.131757 0.027027 0.032094
3 0.862331 0.442146 0.015203 0.075169
8 0.134713 0.086148 0.021115 0.064190
3 0.123311 0.410473 0.016892 0.069257
3 0.394003 0.741976 0.014358 0.056588
8 0.340372 0.872044 0.028716 0.019426
3 0.712416 0.696791 0.017736 0.047297
3 0.841216 0.600929 0.018581 0.071790
8 0.516892 0.200169 0.091216 0.047298
3 0.841639 0.102618 0.022804 0.054898
3 0.691301 0.157094 0.014358 0.057433
3 0.942990 0.101774 0.026183 0.049832
3 0.741554 0.184122 0.033784 0.028716
3 0.842061 0.103041 0.023648 0.057433
3 0.581503 0.385135 0.016047 0.072635
3 0.835026 0.527027 0.029561 0.048986
8 0.747466 0.224240 0.011824 0.041385
3 0.954392 0.079814 0.027027 0.049832
3 0.287585 0.478885 0.019426 0.070945
3 0.676943 0.190034 0.014358 0.059121
3 0.395693 0.869933 0.031250 0.032094
3 0.316723 0.110220 0.023649 0.056588
3 0.966216 0.681588 0.021959 0.052364
3 0.320946 0.059966 0.021959 0.035472
3 0.357264 0.079814 0.016892 0.071791
8 0.400338 0.268581 0.130068 0.118243
3 0.712416 0.697213 0.017736 0.046453
3 0.447213 0.449746 0.017736 0.063345
8 0.688767 0.696790 0.031250 0.033784
3 0.688767 0.696790 0.031250 0.033784
3 0.453547 0.566300 0.021959 0.054898
8 0.078547 0.886402 0.008446 0.021115
8 0.731814 0.973852 0.025438 0.037430
3 0.962402 0.891652 0.030346 0.043302
3 0.978467 0.897890 0.022492 0.067521
3 0.792998 0.853120 0.022135 0.067521
3 0.794783 0.795874 0.019279 0.063118
3 0.596103 0.846516 0.031774 0.039633
3 0.579502 0.883579 0.022135 0.072660
3 0.980431 0.713307 0.017136 0.065320
3 0.945979 0.743764 0.016066 0.064587
3 0.932055 0.719007 0.016066 0.064193
3 0.922059 0.671105 0.028918 0.049907
3 0.962402 0.578779 0.021778 0.059883
3 0.609313 0.690187 0.036059 0.041101
3 0.778671 0.397050 0.017910 0.042955
3 0.771872 0.419262 0.031508 0.033987
3 0.762253 0.382391 0.021559 0.064091
3 0.778837 0.333640 0.020232 0.067501
8 0.757113 0.339095 0.016583 0.041591
8 0.807195 0.338525 0.047097 0.095913
8 0.860594 0.293072 0.072968 0.100910
3 0.824442 0.310458 0.022554 0.037501
3 0.849649 0.265117 0.019237 0.061364
3 0.824773 0.190866 0.017910 0.057136
3 0.826764 0.140884 0.027197 0.048006
3 0.729418 0.227616 0.020895 0.054546
8 0.920626 0.155064 0.015920 0.132831
3 0.966397 0.243298 0.016583 0.070910
3 0.965402 0.310799 0.013930 0.060001
3 0.977508 0.282503 0.014925 0.070229
3 0.989116 0.257043 0.020232 0.031147
3 0.598242 0.164547 0.015257 0.070228
3 0.580332 0.179171 0.026533 0.066889
3 0.573035 0.214320 0.035157 0.042955
8 0.592438 0.257616 0.023548 0.010909
8 0.598574 0.301118 0.042454 0.095727
3 0.488957 0.266139 0.024212 0.067501
3 0.448305 0.097239 0.021559 0.061368
3 0.900220 0.896151 0.027632 0.035573
3 0.407356 0.805531 0.017811 0.065628
3 0.395258 0.812784 0.020499 0.056648
3 0.410717 0.720904 0.017139 0.077373
3 0.435585 0.697070 0.031926 0.037996
3 0.398786 0.678763 0.022852 0.049740
3 0.330734 0.745428 0.028565 0.035233
3 0.311243 0.769953 0.018483 0.060792
8 0.299313 0.646639 0.012770 0.163728
8 0.184211 0.913301 0.018483 0.021415
8 0.144220 0.849744 0.009074 0.042141
3 0.193621 0.750264 0.021844 0.025561
3 0.185388 0.700870 0.016131 0.071847
3 0.432787 0.521900 0.034527 0.036340
8 0.398950 0.557389 0.069607 0.314001
3 0.108998 0.736250 0.026275 0.048965
3 0.112804 0.767294 0.029467 0.030287
3 0.082109 0.815249 0.034378 0.036344
3 0.076584 0.787233 0.034132 0.033820
3 0.032832 0.509552 0.024821 0.028152
3 0.343417 0.210665 0.016048 0.068179
3 0.335585 0.257593 0.020497 0.075821
3 0.307031 0.232869 0.015104 0.046039
3 0.394531 0.200214 0.031771 0.036403
3 0.431250 0.170236 0.017708 0.068522
3 0.373177 0.093683 0.021354 0.063169
3 0.352083 0.135974 0.030208 0.040685
8 0.373437 0.153640 0.015625 0.056745
8 0.437984 0.089043 0.106324 0.175945
8 0.436198 0.124732 0.033854 0.037473
8 0.183204 0.112048 0.025783 0.067124
3 0.181771 0.086724 0.031250 0.047109
3 0.039844 0.094754 0.029687 0.033191
3 0.128646 0.026231 0.028125 0.037473
3 0.042448 0.053533 0.029687 0.051392
3 0.109649 0.135889 0.023538 0.054103