0 0.590722 0.858747 0.028866 0.076923
0 0.733333 0.912185 0.017182 0.074881
0 0.840550 0.821988 0.043299 0.031995
0 0.898969 0.691287 0.026804 0.059224
0 0.579210 0.768550 0.016838 0.070796
0 0.701890 0.577944 0.026460 0.059905
0 0.661684 0.570456 0.029897 0.051736
0 0.937113 0.489789 0.013746 0.055140
0 0.877320 0.407760 0.016495 0.083050
0 0.989347 0.353982 0.021306 0.044929
0 0.785092 0.385366 0.029977 0.028451
0 0.724227 0.378829 0.042955 0.033356
0 0.642784 0.488428 0.018213 0.071477
0 0.648797 0.303608 0.022680 0.063989
0 0.563058 0.189925 0.028522 0.034037
0 0.739003 0.063989 0.024399 0.032675
0 0.970275 0.020536 0.031271 0.039710
0 0.616838 0.051055 0.039863 0.029952
0 0.546907 0.034717 0.033333 0.061266
0 0.453093 0.866576 0.040206 0.038121
0 0.361168 0.736215 0.013058 0.079646
0 0.418900 0.744384 0.039863 0.030633
0 0.325258 0.978557 0.029210 0.042886
0 0.201031 0.928523 0.015120 0.072158
0 0.245017 0.693669 0.023368 0.054459
0 0.035739 0.952689 0.041924 0.034717
0 0.324055 0.610619 0.031615 0.043567
0 0.433162 0.575221 0.025773 0.040844
0 0.127701 0.530293 0.047691 0.038121
0 0.084880 0.577604 0.017182 0.075562
0 0.047938 0.682437 0.034021 0.049694
0 0.059506 0.623553 0.023943 0.073519
0 0.056357 0.571137 0.026804 0.055820
0 0.095533 0.491150 0.020619 0.078285
0 0.207216 0.433288 0.042612 0.031995
0 0.156186 0.438393 0.025773 0.065351
0 0.302234 0.360790 0.036082 0.040844
0 0.181443 0.340708 0.035739 0.041525
0 0.130069 0.337985 0.032646 0.052417
0 0.078351 0.386998 0.032990 0.037440
0 0.073196 0.309735 0.029553 0.046290
0 0.229646 0.330451 0.030425 0.038894
0 0.241753 0.282505 0.020962 0.077604
0 0.032131 0.245405 0.024399 0.041525
0 0.489175 0.112321 0.034021 0.057182
0 0.262715 0.134786 0.034021 0.055820
0 0.402637 0.093406 0.031156 0.058554
0 0.222852 0.068074 0.043643 0.029952
0 0.100172 0.112662 0.023024 0.078285
0 0.029038 0.131722 0.039519 0.031995
0 0.387285 0.018039 0.019244 0.034717
0 0.035052 0.020422 0.035739 0.039483
0 0.512643 0.917631 0.039319 0.031314
8 0.982131 0.588496 0.030241 0.085092
8 0.811168 0.927502 0.038144 0.027910
8 0.783677 0.522124 0.017526 0.038121
8 0.927491 0.215793 0.012371 0.035398
8 0.719931 0.437032 0.033677 0.031314
8 0.674227 0.305650 0.026117 0.023145
8 0.325773 0.810075 0.024055 0.021784