2 0.673540 0.797141 0.017182 0.068074
2 0.643471 0.650442 0.018213 0.078285
2 0.789863 0.487066 0.020275 0.064670
8 0.833677 0.544588 0.010997 0.020422
8 0.905326 0.623553 0.010653 0.014976
2 0.690034 0.430905 0.014433 0.063989
2 0.673711 0.463921 0.014777 0.051055
2 0.642612 0.460177 0.015808 0.077604
2 0.846564 0.112662 0.014089 0.072839
2 0.792612 0.042886 0.038144 0.040844
2 0.663230 0.036079 0.030241 0.039483
8 0.726804 0.070456 0.011684 0.027910
8 0.163746 0.679374 0.008591 0.017699
2 0.436426 0.964942 0.015120 0.059224
2 0.199485 0.785228 0.019588 0.053778
2 0.131100 0.884956 0.015464 0.070796
2 0.269416 0.711368 0.015808 0.031314
2 0.329210 0.313479 0.019244 0.052417
2 0.430584 0.072839 0.026804 0.039483
2 0.184021 0.146358 0.016151 0.076242