3 0.069010 0.748087 0.017188 0.062295
3 0.064323 0.825683 0.029688 0.042623
3 0.248437 0.801093 0.026042 0.034973
3 0.351562 0.851366 0.027083 0.048087
3 0.357031 0.816393 0.032812 0.041530
3 0.221354 0.796721 0.033333 0.059016
3 0.362760 0.609290 0.028646 0.046995
3 0.344792 0.491803 0.015625 0.052459
3 0.358854 0.278689 0.035417 0.039344
3 0.272656 0.363934 0.033854 0.034973
3 0.333594 0.157377 0.040104 0.037158
3 0.125260 0.290164 0.021354 0.073224
3 0.142969 0.145902 0.021354 0.055738
3 0.055990 0.168852 0.018229 0.051366
3 0.072656 0.163388 0.019271 0.071038
3 0.091406 0.122404 0.020312 0.065574
3 0.244531 0.130055 0.016146 0.072131
3 0.227865 0.103825 0.015104 0.069945
3 0.225000 0.165027 0.021875 0.039344
3 0.634375 0.178689 0.015625 0.073224
3 0.695312 0.351366 0.033333 0.068852
3 0.800000 0.142077 0.032292 0.043716
3 0.838281 0.183607 0.030729 0.056831
3 0.867969 0.673770 0.025521 0.049180
3 0.870573 0.726230 0.018229 0.049180
3 0.891667 0.733880 0.030208 0.044809
3 0.952083 0.890164 0.029167 0.049180
3 0.764323 0.820765 0.032813 0.032787
3 0.672656 0.792350 0.019271 0.074317
3 0.665885 0.711475 0.024479 0.061202
3 0.624385 0.729525 0.029354 0.042656
3 0.576562 0.748634 0.020833 0.078689
3 0.607115 0.813440 0.018062 0.055579
3 0.576042 0.534426 0.022917 0.056831
8 0.923698 0.391803 0.022396 0.156284
8 0.710938 0.887432 0.031250 0.222951
8 0.217156 0.387041 0.016604 0.054956
3 0.603646 0.765027 0.030208 0.050273
3 0.594414 0.786645 0.012785 0.057311
3 0.261719 0.918033 0.014062 0.024044
3 0.869792 0.172678 0.028125 0.059016
8 0.216927 0.386339 0.015104 0.053552
3 0.852865 0.838251 0.014062 0.028415