8 0.391366 0.135196 0.187387 0.270392
8 0.308965 0.099567 0.018683 0.199135
8 0.315100 0.161020 0.048241 0.030933
8 0.266580 0.111858 0.035414 0.114896
8 0.343055 0.055239 0.016870 0.041429
8 0.370870 0.019748 0.010318 0.039496
8 0.422457 0.040462 0.051587 0.080924
8 0.406319 0.110201 0.021402 0.065182
8 0.412837 0.162125 0.028443 0.036457
8 0.450691 0.330602 0.045313 0.086172
8 0.468746 0.342755 0.063856 0.043086
8 0.169397 0.240982 0.041958 0.053971
8 0.168716 0.281190 0.049314 0.022128
8 0.246536 0.270666 0.008105 0.090671
8 0.007030 0.027779 0.014060 0.055559
8 0.102888 0.546851 0.153262 0.591373
8 0.122010 0.986511 0.047662 0.025617
8 0.006850 0.941193 0.013699 0.102332
8 0.328990 0.842960 0.289701 0.208589
8 0.319711 0.752745 0.101612 0.453681
8 0.265680 0.971723 0.012767 0.055193
8 0.464232 0.581181 0.045278 0.123067
8 0.583219 0.942561 0.025271 0.015644
8 0.935739 0.407080 0.032302 0.036760
8 0.833849 0.235875 0.072509 0.128659
8 0.788488 0.120490 0.030584 0.080327
8 0.852405 0.082709 0.069759 0.158611
8 0.980928 0.316201 0.005155 0.042886
8 0.860825 0.620830 0.039175 0.027229
8 0.735739 0.707965 0.054296 0.047651
8 0.715636 0.811436 0.031271 0.126617
8 0.776117 0.619129 0.019588 0.015657
8 0.627835 0.551396 0.021993 0.028591
8 0.868213 0.941116 0.046392 0.040163
1 0.172337 0.260722 0.022337 0.025868
1 0.186770 0.354323 0.022337 0.026549
1 0.044158 0.454391 0.050515 0.094622
1 0.176804 0.149421 0.009278 0.030633
1 0.117354 0.065691 0.014089 0.019741
1 0.256873 0.244044 0.011340 0.018380
1 0.425945 0.285228 0.016151 0.046290
1 0.423024 0.386317 0.015120 0.042886
1 0.390722 0.071818 0.018557 0.021103
1 0.461684 0.551736 0.009966 0.027910
1 0.263574 0.673928 0.024055 0.029952
1 0.320447 0.740640 0.016838 0.042206
1 0.413058 0.794758 0.018557 0.023826
1 0.436082 0.974132 0.019244 0.038121
1 0.143643 0.966984 0.017182 0.023826
1 0.878522 0.009871 0.020962 0.019741
1 0.712371 0.060245 0.016495 0.057862
1 0.914777 0.287951 0.024742 0.077604
1 0.811512 0.391763 0.018900 0.027910
1 0.629725 0.319605 0.013402 0.027910
1 0.614948 0.456093 0.025086 0.089857
1 0.553436 0.511572 0.017526 0.038802
1 0.543471 0.177332 0.010653 0.033356
1 0.820962 0.678012 0.023368 0.142954
1 0.830069 0.494894 0.014089 0.021784
1 0.922680 0.611641 0.013058 0.031995
1 0.632474 0.844792 0.014089 0.031314
1 0.683333 0.771273 0.016151 0.032675
1 0.757732 0.780463 0.019244 0.022464
1 0.811856 0.839006 0.008591 0.023826
1 0.909450 0.860449 0.009278 0.020422
8 0.707216 0.961538 0.014433 0.029272
1 0.959382 0.393995 0.011238 0.032732