8 0.892625 0.946499 0.015187 0.107001
4 0.964667 0.908190 0.034667 0.054161
4 0.874000 0.811096 0.026667 0.044914
4 0.914333 0.807794 0.019333 0.043593
4 0.905499 0.776750 0.021002 0.055482
4 0.849333 0.784676 0.022667 0.052840
4 0.826538 0.787318 0.021591 0.042272
4 0.721667 0.898943 0.022000 0.027741
4 0.926768 0.719947 0.029131 0.055482
4 0.694000 0.746367 0.025333 0.052840
4 0.713333 0.708212 0.021333 0.044606
4 0.786535 0.631440 0.019737 0.060766
4 0.854000 0.589828 0.018667 0.064729
4 0.876333 0.601489 0.027333 0.049333
4 0.904750 0.612285 0.021166 0.062087
4 0.870000 0.544254 0.018667 0.029062
4 0.777000 0.556803 0.019333 0.070013
4 0.775258 0.504413 0.024151 0.033853
4 0.599667 0.561427 0.031333 0.066050
4 0.776213 0.457067 0.027092 0.050198
4 0.933667 0.445839 0.030000 0.035667
4 0.919667 0.414135 0.031333 0.033025
4 0.872333 0.378468 0.022000 0.054161
4 0.713192 0.374124 0.027333 0.030383
4 0.904000 0.307037 0.017333 0.062280
4 0.852667 0.222589 0.018667 0.051519
4 0.111667 0.854029 0.022000 0.056803
4 0.164333 0.708719 0.019333 0.062087
4 0.322000 0.769803 0.022667 0.066734
4 0.330667 0.803170 0.020000 0.044914
4 0.345000 0.817701 0.020667 0.047556
4 0.363333 0.715984 0.017333 0.060766
4 0.337000 0.702114 0.035333 0.048877
4 0.387667 0.735139 0.018000 0.051519
4 0.366466 0.630633 0.024402 0.067663
4 0.375747 0.575958 0.028506 0.034346
4 0.344528 0.567448 0.032277 0.061933
4 0.302406 0.599075 0.021854 0.067371
4 0.388321 0.508477 0.018645 0.049979
4 0.371667 0.537649 0.024667 0.042272
4 0.361667 0.491225 0.022000 0.028686
4 0.308333 0.508587 0.026000 0.042272
4 0.372000 0.465654 0.033333 0.040951
4 0.392000 0.419419 0.030667 0.035667
4 0.355667 0.420740 0.023333 0.033025
4 0.316667 0.452444 0.028000 0.040951
4 0.286667 0.478203 0.017333 0.058124
4 0.268000 0.516513 0.020000 0.068692
4 0.351667 0.278071 0.030000 0.056803
4 0.317333 0.288639 0.025333 0.033025
4 0.154000 0.166446 0.024000 0.060766
4 0.892716 0.274396 0.021398 0.064472
8 0.887293 0.360867 0.014656 0.102952
8 0.981333 0.023118 0.024000 0.043593