2 0.968729 0.735194 0.019931 0.077604
2 0.726117 0.925800 0.018557 0.078965
3 0.631443 0.886998 0.022337 0.065351
2 0.647251 0.905037 0.027148 0.038802
1 0.692268 0.952689 0.038144 0.076923
6 0.760137 0.910143 0.037801 0.069435
6 0.731271 0.880531 0.019931 0.064670
6 0.799656 0.855003 0.018557 0.057182
6 0.915292 0.718856 0.025086 0.039483
0 0.802577 0.762423 0.014777 0.074881
8 0.531787 0.851940 0.030584 0.042886
0 0.588660 0.694690 0.030241 0.053778
6 0.809794 0.832880 0.018900 0.070116
6 0.695704 0.692988 0.018900 0.055820
6 0.817869 0.656909 0.021993 0.083050
1 0.728326 0.534717 0.024447 0.067393
2 0.865120 0.552757 0.026460 0.055820
0 0.756014 0.519061 0.023368 0.053778
6 0.938316 0.321647 0.014777 0.056501
6 0.874399 0.277400 0.016151 0.067393
1 0.799828 0.206263 0.034708 0.055820
6 0.769072 0.156909 0.035739 0.040163
3 0.580241 0.432607 0.029210 0.076923
2 0.600344 0.146651 0.019931 0.072744
6 0.530476 0.249743 0.024742 0.055140
6 0.536598 0.158611 0.031271 0.044929
6 0.528179 0.123894 0.035052 0.020422
0 0.647938 0.065351 0.033333 0.040844
8 0.599313 0.040163 0.032302 0.078965
6 0.842440 0.112662 0.022337 0.064670
1 0.907216 0.156569 0.028179 0.055820
8 0.662371 0.393805 0.031271 0.048332
8 0.579381 0.948945 0.019244 0.066712
1 0.376289 0.968346 0.037113 0.041525
0 0.211512 0.883254 0.013402 0.071477
1 0.434364 0.686181 0.032990 0.063989
6 0.101375 0.871001 0.028179 0.042886
6 0.060825 0.945541 0.016495 0.053097
6 0.047423 0.930905 0.010997 0.064670
6 0.274399 0.768550 0.023024 0.027229
8 0.357388 0.537100 0.030928 0.123894
8 0.232990 0.388359 0.055670 0.119129
8 0.306014 0.191627 0.072509 0.206263
8 0.203952 0.017699 0.078694 0.034037
3 0.460997 0.194690 0.023024 0.053097
3 0.337285 0.421035 0.029210 0.051055
6 0.242612 0.458475 0.024742 0.046971
6 0.320447 0.527910 0.026460 0.070116
6 0.417449 0.796449 0.013212 0.073497
6 0.144674 0.694690 0.016495 0.053778
8 0.137973 0.630020 0.027148 0.055140
0 0.034536 0.746767 0.018900 0.068074
1 0.041924 0.545269 0.017182 0.070796
1 0.158763 0.429884 0.030928 0.036079
6 0.156092 0.374745 0.009091 0.072839
6 0.224914 0.239619 0.028522 0.050374
6 0.332646 0.251872 0.037801 0.038121
6 0.357560 0.153846 0.011340 0.092580
1 0.203093 0.182437 0.033677 0.036760
6 0.029553 0.200136 0.017182 0.091219
6 0.842235 0.576755 0.009508 0.086664
6 0.832876 0.572414 0.010993 0.084752
6 0.568152 0.534894 0.030305 0.061799
6 0.572311 0.505687 0.033871 0.030457
0 0.618689 0.220255 0.027784 0.051910
6 0.609534 0.189610 0.030941 0.014385
6 0.579303 0.190235 0.035519 0.031897
6 0.281978 0.593789 0.018980 0.072979
1 0.291599 0.451031 0.019508 0.097652
3 0.236216 0.297894 0.032489 0.039563
6 0.256434 0.327428 0.030731 0.013931
6 0.276723 0.451968 0.021800 0.037891
6 0.253375 0.109552 0.029114 0.076340
8 0.028007 0.094963 0.018213 0.030633
8 0.484880 0.075902 0.021993 0.038802