8 0.781976 0.443600 0.078148 0.140600
1 0.747230 0.468095 0.014591 0.022045
1 0.616419 0.131311 0.017729 0.042750
1 0.208047 0.371196 0.018720 0.056217
1 0.116864 0.123426 0.017210 0.052951
1 0.161158 0.281733 0.006890 0.028932
1 0.216076 0.543208 0.013504 0.032207
1 0.317399 0.679407 0.019205 0.022927
1 0.451427 0.604630 0.009376 0.028700
1 0.381121 0.911611 0.023846 0.025887
8 0.604417 0.911048 0.023865 0.031514
1 0.449723 0.902044 0.016194 0.031514
8 0.455973 0.881504 0.042332 0.032077
1 0.605270 0.700298 0.017614 0.029826
1 0.913727 0.797027 0.019781 0.036843
1 0.794222 0.891472 0.016108 0.039766
8 0.129883 0.592123 0.069354 0.055564