8 0.768046 0.200615 0.124055 0.329071
8 0.695062 0.103676 0.050250 0.047447
8 0.751143 0.076888 0.032546 0.055698
8 0.930083 0.630745 0.059107 0.260722
8 0.929210 0.699115 0.021306 0.049013
8 0.740378 0.758339 0.078694 0.134786
8 0.622509 0.609598 0.060825 0.095984
8 0.597938 0.530633 0.041924 0.026549
8 0.604922 0.488768 0.023024 0.038121
8 0.569072 0.836624 0.049485 0.028591
8 0.546907 0.438734 0.020275 0.071477
8 0.470103 0.365895 0.050172 0.346494
8 0.170447 0.370995 0.050172 0.185841
8 0.352921 0.459850 0.064605 0.316542
8 0.431271 0.629340 0.208935 0.053778
8 0.275945 0.682437 0.018557 0.068754
8 0.059622 0.184479 0.018900 0.204221
8 0.110788 0.657505 0.205915 0.133594
8 0.262027 0.876787 0.018900 0.054459
8 0.315979 0.910483 0.018900 0.021103
8 0.230241 0.848536 0.011684 0.023826
8 0.201546 0.759020 0.069759 0.054459
1 0.099828 0.122192 0.028522 0.037440
1 0.080756 0.176991 0.019931 0.029952
1 0.090550 0.240980 0.023711 0.028591
1 0.175945 0.458816 0.021306 0.028591
1 0.302749 0.500000 0.018557 0.037440
1 0.424914 0.537440 0.013402 0.037440
1 0.451890 0.581007 0.021993 0.049694
1 0.299828 0.669163 0.016838 0.025868
1 0.372509 0.701498 0.015808 0.022464
1 0.240722 0.722600 0.024399 0.026549
1 0.252921 0.741321 0.012371 0.023145
1 0.343643 0.878829 0.019244 0.066712
1 0.035052 0.832199 0.011684 0.021103
1 0.364261 0.601089 0.008935 0.017699
1 0.572852 0.174949 0.014433 0.050374
1 0.646220 0.194010 0.023711 0.106195
1 0.688660 0.124234 0.017182 0.033356
1 0.838316 0.097345 0.014777 0.036760
1 0.862027 0.219537 0.016838 0.048332
1 0.918213 0.183799 0.012371 0.036760
1 0.920619 0.139551 0.009622 0.021784
1 0.921478 0.454050 0.023024 0.068074
1 0.961340 0.436692 0.015464 0.029272
1 0.938488 0.503744 0.012371 0.017699
1 0.567869 0.662015 0.018213 0.055140
1 0.605670 0.608577 0.013402 0.027229
1 0.957732 0.831858 0.015120 0.050374
1 0.634021 0.858407 0.043986 0.057182
1 0.575430 0.875766 0.025773 0.031995
8 0.424742 0.256637 0.044674 0.058543