1 0.895292 0.849199 0.017010 0.036457
1 0.695361 0.836964 0.023711 0.034717
1 0.701546 0.753574 0.031271 0.036760
1 0.931615 0.565061 0.030928 0.054560
1 0.956434 0.551055 0.017716 0.033356
1 0.670447 0.522805 0.024055 0.068074
1 0.847938 0.473451 0.011340 0.034717
1 0.836770 0.385636 0.020619 0.038802
1 0.919825 0.335746 0.012771 0.034323
1 0.943127 0.127297 0.019588 0.031314
1 0.794845 0.179714 0.018557 0.059905
1 0.804983 0.123553 0.023024 0.033356
8 0.052062 0.139551 0.038144 0.017699
1 0.152234 0.200817 0.019244 0.025868
1 0.123540 0.131042 0.031959 0.031995
1 0.215979 0.325391 0.010653 0.023145
1 0.102234 0.268550 0.010653 0.029272
1 0.410825 0.154527 0.016151 0.025868
1 0.080756 0.403676 0.009622 0.027229
1 0.078179 0.467665 0.012715 0.036760
1 0.098454 0.548332 0.010653 0.044248
1 0.108935 0.595984 0.013746 0.031995
1 0.172337 0.602791 0.014089 0.044248
1 0.262533 0.622201 0.017312 0.016866
8 0.344814 0.597746 0.078001 0.029796
1 0.416168 0.481089 0.009082 0.043852
1 0.514763 0.230931 0.015982 0.024624
1 0.471632 0.898920 0.018555 0.023758
1 0.598576 0.804114 0.019008 0.048411
8 0.591675 0.696534 0.037336 0.091443
1 0.575496 0.706844 0.017650 0.018826
1 0.613285 0.825406 0.010862 0.023758
1 0.583302 0.625038 0.018781 0.019275
1 0.297542 0.838595 0.007954 0.033218
1 0.134047 0.860741 0.009459 0.018738
1 0.100187 0.791963 0.023863 0.030236