1 0.386273 0.883062 0.016963 0.051076
1 0.551509 0.693210 0.021012 0.048082
1 0.664299 0.548278 0.013770 0.039035
1 0.627500 0.465740 0.022792 0.044208
8 0.767930 0.292200 0.125591 0.055496
8 0.878811 0.111866 0.075433 0.068390
1 0.918064 0.177211 0.021046 0.027637
1 0.772852 0.019741 0.012371 0.031314
1 0.718213 0.091559 0.008247 0.027910
1 0.684708 0.014636 0.014089 0.027910
8 0.464433 0.130020 0.080069 0.251872
1 0.263230 0.180054 0.018557 0.042886
1 0.300646 0.048956 0.015298 0.031201
8 0.130466 0.225079 0.025482 0.070597