2 0.865120 0.922396 0.031271 0.029952
2 0.844502 0.910824 0.017526 0.053097
2 0.677320 0.780123 0.020619 0.069435
2 0.619072 0.890742 0.027835 0.045609
2 0.537629 0.732811 0.029210 0.061947
2 0.787629 0.627638 0.037113 0.042206
2 0.963918 0.672907 0.021306 0.060585
2 0.966667 0.364534 0.015120 0.060585
2 0.851890 0.431246 0.037113 0.037440
2 0.764777 0.385296 0.034708 0.031314
2 0.718041 0.348536 0.016151 0.059905
2 0.547766 0.329816 0.033677 0.031995
2 0.762371 0.189925 0.042268 0.036760
2 0.717182 0.101089 0.015808 0.059224
2 0.526804 0.093941 0.023368 0.066712
8 0.869931 0.051736 0.010653 0.020422
8 0.558935 0.938053 0.011340 0.020422
8 0.594674 0.675970 0.009278 0.017699
8 0.428007 0.874745 0.010653 0.020422
2 0.203952 0.903676 0.029210 0.037440
2 0.033333 0.925800 0.016495 0.076242
2 0.123196 0.913206 0.019588 0.031995
2 0.122509 0.750851 0.014089 0.040844
2 0.235739 0.619469 0.029553 0.066712
2 0.030584 0.704901 0.025430 0.029272
2 0.025086 0.665078 0.026117 0.034037
2 0.230241 0.415929 0.012371 0.031314
2 0.390378 0.284547 0.027491 0.032675
2 0.073368 0.318584 0.016838 0.069435
2 0.057045 0.341389 0.015808 0.063308
2 0.022852 0.376787 0.036770 0.040163
2 0.304124 0.114704 0.015808 0.041525
2 0.272509 0.093601 0.037113 0.030633
2 0.109450 0.108577 0.016151 0.078285
2 0.026804 0.080667 0.019931 0.072839
8 0.003608 0.255616 0.006529 0.026549