8 0.345017 0.434990 0.132646 0.437032
8 0.251890 0.524506 0.015808 0.094622
8 0.245876 0.413206 0.012027 0.099387
8 0.199656 0.368278 0.043299 0.073519
8 0.167526 0.448604 0.015464 0.175630
8 0.079038 0.527910 0.048110 0.225323
8 0.045533 0.402314 0.018213 0.113002
8 0.287629 0.060926 0.030241 0.121852
8 0.280756 0.567733 0.027491 0.050374
8 0.116495 0.640572 0.065292 0.163376
8 0.127491 0.819946 0.019931 0.018380
8 0.116667 0.860109 0.010653 0.040163
8 0.150515 0.940436 0.024742 0.066031
8 0.125601 0.932948 0.020962 0.052417
8 0.056529 0.957454 0.008591 0.056501
8 0.214089 0.719197 0.015120 0.037440
8 0.023024 0.700136 0.010997 0.033356
8 0.409852 0.795215 0.246735 0.264125
8 0.448110 0.933288 0.035052 0.051736
8 0.518557 0.982982 0.020619 0.032675
8 0.557732 0.884615 0.050172 0.109598
8 0.581787 0.848877 0.021306 0.038121
8 0.563230 0.563649 0.031615 0.076242
8 0.439519 0.657250 0.021993 0.023826
8 0.353952 0.634786 0.016495 0.040163
8 0.402062 0.728387 0.013746 0.061266
8 0.814605 0.243703 0.055326 0.140231
8 0.935395 0.310075 0.120962 0.289312
8 0.858059 0.451980 0.046015 0.080271
8 0.891753 0.487406 0.025430 0.019061
8 0.958926 0.865910 0.081462 0.266818
8 0.814261 0.807352 0.025086 0.061266
8 0.706529 0.727366 0.050172 0.136828
8 0.681443 0.861470 0.027491 0.031995
8 0.710825 0.892103 0.025086 0.019741
8 0.766151 0.862832 0.009966 0.046971
8 0.594674 0.626276 0.014777 0.032675
8 0.891581 0.943159 0.023711 0.018380
8 0.851620 0.868596 0.017766 0.017955
8 0.924586 0.856566 0.023748 0.022624
8 0.934285 0.866980 0.018129 0.011850
8 0.883760 0.545813 0.021826 0.022668
8 0.882302 0.655208 0.020275 0.044248
8 0.923711 0.613683 0.015808 0.021103
8 0.829405 0.667968 0.007205 0.054570
8 0.721478 0.040504 0.031271 0.071477
8 0.503952 0.022124 0.018900 0.036079
8 0.525773 0.130020 0.008935 0.039483
8 0.436426 0.266167 0.013746 0.035398
8 0.588144 0.263104 0.012027 0.055140
8 0.546220 0.292716 0.005155 0.029952
8 0.716667 0.266167 0.024399 0.028591
8 0.782474 0.026208 0.056357 0.046971
8 0.710481 0.008850 0.008591 0.009530
8 0.981271 0.070456 0.018213 0.089176
8 0.589175 0.312457 0.028522 0.057182
8 0.632646 0.176991 0.021993 0.078965
8 0.693821 0.177067 0.014973 0.025507
8 0.748770 0.263895 0.014673 0.020317
8 0.583399 0.486415 0.009433 0.048641
8 0.529724 0.530014 0.016170 0.051607
8 0.265408 0.463561 0.018114 0.052627
1 0.206797 0.060250 0.026675 0.027162
1 0.135829 0.043709 0.012632 0.015398
1 0.170242 0.072581 0.014089 0.037854
1 0.226364 0.278789 0.010545 0.022897
1 0.064923 0.297670 0.010140 0.022095
8 0.063808 0.377209 0.018454 0.034949
1 0.091458 0.507465 0.009531 0.024906
1 0.005067 0.585790 0.010135 0.049267
1 0.235713 0.568300 0.017409 0.038921
1 0.036684 0.877577 0.010943 0.019707
1 0.227070 0.764138 0.016912 0.043355
1 0.301433 0.779165 0.022881 0.033009
1 0.281817 0.986668 0.014611 0.025302
1 0.399922 0.989624 0.008208 0.019390
1 0.321268 0.723369 0.011192 0.016258
1 0.391652 0.680260 0.027109 0.030546
8 0.547157 0.766971 0.012684 0.012809
1 0.751031 0.078285 0.024399 0.044929
1 0.468213 0.201838 0.016151 0.055140
1 0.362715 0.123213 0.017526 0.025868
1 0.476976 0.395507 0.017869 0.046290
1 0.523883 0.329816 0.020275 0.044248
1 0.552921 0.504425 0.012371 0.025868
1 0.646564 0.542546 0.019588 0.027229
1 0.677320 0.328795 0.013058 0.025868
1 0.693127 0.311096 0.013746 0.043567
1 0.774399 0.354323 0.017526 0.057862
1 0.753780 0.461198 0.016151 0.052417
1 0.768213 0.485024 0.009966 0.017018
1 0.846048 0.482982 0.010309 0.034717
1 0.827656 0.627166 0.009786 0.031105
1 0.916495 0.586113 0.017182 0.031314
8 0.968557 0.733833 0.009966 0.025868
1 0.896564 0.765827 0.017182 0.054459
8 0.913230 0.886658 0.012027 0.015657