6 0.052921 0.091899 0.023368 0.020422
6 0.077499 0.100603 0.034723 0.049305
6 0.144845 0.119129 0.010653 0.072158
6 0.206357 0.096664 0.026460 0.035398
6 0.226460 0.097370 0.029553 0.019012
6 0.210653 0.185500 0.015808 0.053778
0 0.302921 0.068414 0.035395 0.041525
3 0.130412 0.330157 0.026460 0.046290
8 0.355498 0.157590 0.044330 0.089176
6 0.411361 0.091652 0.035113 0.063791
0 0.415938 0.127297 0.023630 0.069435
0 0.376976 0.263104 0.038488 0.037440
8 0.093471 0.273315 0.019244 0.042886
0 0.316667 0.378829 0.040206 0.038802
0 0.321821 0.446222 0.038832 0.053778
6 0.136770 0.421715 0.043986 0.031995
6 0.157732 0.491831 0.010997 0.067393
6 0.241409 0.634105 0.012715 0.087815
6 0.100515 0.547311 0.010653 0.063989
0 0.183505 0.543227 0.026804 0.042206
0 0.341924 0.498639 0.030928 0.045609
6 0.319931 0.636147 0.036426 0.026549
6 0.312887 0.693329 0.029210 0.029272
0 0.384021 0.643295 0.016151 0.069435
6 0.408935 0.762764 0.026804 0.044248
6 0.288832 0.856365 0.009278 0.061266
0 0.207560 0.826753 0.022680 0.075562
6 0.138316 0.857386 0.012715 0.081007
0 0.094845 0.885636 0.024055 0.068074
1 0.028522 0.940776 0.037801 0.040844
8 0.766323 0.125596 0.050172 0.030633
8 0.779381 0.212049 0.038488 0.053778
8 0.829210 0.195990 0.049485 0.036636
8 0.896907 0.229748 0.036426 0.086453
3 0.803265 0.299183 0.023711 0.057862
0 0.881787 0.316542 0.023368 0.069435
0 0.803780 0.370320 0.020619 0.057182
1 0.625945 0.095984 0.017526 0.049013
6 0.485223 0.958135 0.019244 0.082369
6 0.702405 0.846835 0.022680 0.066712
0 0.655842 0.809735 0.034708 0.045609
0 0.679381 0.754935 0.016495 0.065351
6 0.574055 0.866916 0.011340 0.055140
0 0.579897 0.661675 0.018900 0.068074
0 0.503535 0.783867 0.016299 0.071477
6 0.517869 0.283186 0.008247 0.069435
6 0.561512 0.296460 0.026804 0.064670
6 0.615464 0.210688 0.024055 0.018380
6 0.612371 0.326413 0.025430 0.040163
6 0.682646 0.286930 0.035395 0.021103
6 0.814433 0.244044 0.015808 0.061947
0 0.612103 0.383594 0.015270 0.076923
6 0.535739 0.562968 0.030928 0.078965
2 0.702921 0.563989 0.045704 0.034717
0 0.647251 0.535058 0.034708 0.058543
0 0.650000 0.578965 0.016151 0.063308
6 0.715636 0.514295 0.023024 0.056501
0 0.638488 0.724983 0.028866 0.049013
6 0.732474 0.872362 0.019588 0.071477
8 0.686770 0.928224 0.017526 0.038885
8 0.673883 0.896528 0.020619 0.034037
0 0.877663 0.556501 0.021993 0.061947
0 0.911856 0.556841 0.035395 0.040844
0 0.883162 0.603633 0.026117 0.037764
6 0.953952 0.749489 0.021993 0.053097
6 0.859278 0.634786 0.012027 0.072839
3 0.760513 0.877468 0.025493 0.061266
2 0.775430 0.915929 0.018900 0.063308
2 0.834536 0.927842 0.035395 0.040844
3 0.816495 0.805650 0.018557 0.070116
6 0.926879 0.816834 0.013638 0.057890
6 0.921814 0.867295 0.022989 0.081626
6 0.767025 0.893828 0.031951 0.063294
6 0.745205 0.936281 0.042862 0.020068
6 0.588566 0.851568 0.014807 0.074485
6 0.600207 0.861602 0.007111 0.069854
8 0.732541 0.570414 0.052603 0.042453
6 0.828980 0.091178 0.024158 0.028366
6 0.751634 0.307398 0.022210 0.031647
8 0.619738 0.131026 0.018703 0.094168