4 0.189333 0.101717 0.017333 0.060766
4 0.120924 0.216647 0.037018 0.047560
4 0.215667 0.207133 0.028667 0.047028
4 0.236913 0.200132 0.017275 0.051519
4 0.265910 0.147292 0.031671 0.051519
4 0.297156 0.178996 0.028354 0.040951
4 0.310000 0.245707 0.018667 0.042272
4 0.302220 0.349120 0.019561 0.048306
4 0.139000 0.387715 0.026000 0.030383
4 0.136667 0.423388 0.032000 0.038322
4 0.122759 0.459709 0.020185 0.050198
4 0.141808 0.472234 0.018283 0.051470
4 0.281886 0.487509 0.021106 0.071452
4 0.209000 0.519815 0.022000 0.033025
4 0.133263 0.583137 0.021388 0.056235
4 0.151850 0.650783 0.023700 0.051345
4 0.174333 0.653897 0.019333 0.044914
4 0.234667 0.614615 0.029333 0.032400
4 0.273000 0.654557 0.023333 0.025099
4 0.666667 0.032839 0.033333 0.041901
4 0.678831 0.179717 0.024329 0.052960
4 0.800333 0.034346 0.028667 0.055482
4 0.770380 0.161162 0.018093 0.060766
4 0.790667 0.168428 0.021333 0.067371
4 0.947017 0.059683 0.019367 0.065575
4 0.961477 0.116546 0.028287 0.078240
4 0.613000 0.392999 0.027333 0.035667
4 0.682689 0.490446 0.034711 0.050906
4 0.735071 0.490966 0.033858 0.067798
4 0.795059 0.470141 0.028785 0.039357
4 0.962000 0.496037 0.038667 0.043593
4 0.696129 0.541612 0.025075 0.050198
4 0.671667 0.569000 0.020667 0.060061
8 0.600333 0.363937 0.024667 0.022457
4 0.662667 0.667107 0.025333 0.042272
4 0.737984 0.749009 0.025302 0.060766
4 0.757366 0.787318 0.022733 0.071334
4 0.906667 0.653236 0.028000 0.030383
4 0.667039 0.788107 0.028589 0.057059
4 0.633855 0.844782 0.030376 0.038309