0 0.362543 0.092240 0.015808 0.063308
0 0.340893 0.266508 0.042612 0.031995
0 0.266151 0.274677 0.032646 0.046971
0 0.467354 0.184820 0.037113 0.041525
0 0.308419 0.512594 0.042955 0.027229
0 0.364562 0.374535 0.013944 0.070873
0 0.358049 0.378352 0.040915 0.029076
0 0.109794 0.356705 0.037457 0.046290
0 0.108076 0.444860 0.040206 0.029272
0 0.149262 0.465963 0.017626 0.074200
0 0.066667 0.498979 0.028179 0.035398
0 0.270447 0.495492 0.013746 0.048847
0 0.167869 0.623894 0.031959 0.056501
0 0.079038 0.613002 0.037801 0.030633
0 0.097595 0.683799 0.043986 0.030633
0 0.061512 0.841389 0.015808 0.072158
0 0.163918 0.783867 0.021993 0.075562
0 0.179725 0.734854 0.019931 0.076923
0 0.232818 0.690946 0.024399 0.035398
0 0.298282 0.728046 0.032302 0.049694
0 0.210481 0.928523 0.036082 0.035398
0 0.134211 0.992225 0.015412 0.014188
0 0.094030 0.914622 0.017980 0.047975
0 0.472951 0.586464 0.034562 0.030655
0 0.339691 0.728046 0.039519 0.038802
0 0.395361 0.743022 0.034708 0.030633
0 0.510137 0.737236 0.034021 0.043567
0 0.537113 0.215793 0.038488 0.032675
0 0.544158 0.283186 0.027148 0.058543
0 0.582818 0.303268 0.032990 0.030633
0 0.547251 0.118108 0.039519 0.031995
0 0.601546 0.067052 0.038144 0.031995
0 0.692612 0.277059 0.036082 0.051736
0 0.802900 0.212730 0.031916 0.046971
0 0.796392 0.293737 0.027835 0.057862
0 0.719072 0.315861 0.029210 0.031314
0 0.834364 0.089517 0.033677 0.060585
0 0.895189 0.280803 0.033677 0.037440
0 0.938316 0.061668 0.019588 0.052294
0 0.982131 0.121852 0.035052 0.029952
0 0.989691 0.373383 0.019931 0.030633
0 0.964261 0.458135 0.030928 0.031314
0 0.737629 0.469027 0.023711 0.057182
0 0.649141 0.649762 0.019931 0.086453
0 0.734880 0.688564 0.021649 0.070116
0 0.815464 0.628659 0.041237 0.034717
0 0.706357 0.773996 0.043643 0.031314
0 0.975601 0.522464 0.015120 0.081007
0 0.988488 0.592505 0.022337 0.038952
0 0.694158 0.895167 0.030928 0.055820
0 0.617526 0.945541 0.040550 0.032675
0 0.707732 0.929204 0.015464 0.069435
0 0.863402 0.937372 0.039519 0.031314
0 0.747415 0.227119 0.024408 0.064555
0 0.756057 0.269328 0.036151 0.037636
0 0.172237 0.039407 0.025836 0.062779
8 0.386426 0.490129 0.014777 0.084411
8 0.325086 0.084411 0.037801 0.039483
8 0.210825 0.350919 0.019588 0.023826
8 0.025945 0.395848 0.023711 0.057862
8 0.250687 0.468686 0.013402 0.026549
8 0.346048 0.443839 0.017869 0.027229
8 0.317698 0.825391 0.029897 0.030633
8 0.235911 0.926821 0.015464 0.045609
8 0.006014 0.790334 0.012027 0.029952
8 0.032474 0.757658 0.014777 0.029952
8 0.733505 0.332199 0.015464 0.029952
8 0.635395 0.465283 0.055670 0.018380
8 0.839863 0.318584 0.011684 0.083050
8 0.932131 0.344452 0.049141 0.095303