3 0.192188 0.166667 0.028125 0.029508
3 0.006771 0.178689 0.013542 0.033880
3 0.054948 0.409290 0.023438 0.051366
3 0.031510 0.437705 0.020312 0.075410
3 0.083854 0.608743 0.030208 0.052459
3 0.186979 0.431148 0.018750 0.060109
3 0.240104 0.337158 0.033333 0.031694
3 0.309896 0.071038 0.013542 0.061202
3 0.149740 0.202732 0.032813 0.036066
3 0.205469 0.898361 0.017187 0.083060
3 0.230729 0.938798 0.029167 0.034973
3 0.402083 0.875410 0.027083 0.052459
3 0.298698 0.759016 0.035938 0.038251
3 0.484896 0.774863 0.036458 0.050273
3 0.460417 0.540437 0.031250 0.049180
3 0.354688 0.580874 0.026042 0.027322
3 0.554167 0.351913 0.036458 0.050273
3 0.549740 0.202732 0.032812 0.038251
3 0.721354 0.155738 0.027083 0.055738
3 0.740365 0.339344 0.016146 0.038251
3 0.840365 0.546448 0.028646 0.050273
3 0.697396 0.793989 0.026042 0.071038
3 0.893229 0.936066 0.030208 0.077596
3 0.964323 0.989071 0.027604 0.019672
3 0.951302 0.722404 0.027604 0.061202
3 0.932813 0.563934 0.035417 0.032787
3 0.921354 0.375956 0.025000 0.059016
3 0.875260 0.246448 0.015104 0.022951
3 0.851562 0.042077 0.020833 0.057923
3 0.904948 0.057377 0.025521 0.057923
3 0.980469 0.037158 0.038021 0.048087
3 0.994010 0.204918 0.010937 0.053552
8 0.270052 0.892896 0.044271 0.111475
8 0.029427 0.819126 0.058854 0.320219
8 0.028906 0.980874 0.024479 0.036066