0 0.235395 0.030633 0.017182 0.061266
0 0.311168 0.078285 0.036770 0.035398
0 0.477491 0.086113 0.038144 0.031995
0 0.055326 0.244724 0.033677 0.036079
0 0.149141 0.163376 0.028866 0.051736
0 0.093814 0.375766 0.039175 0.029952
0 0.270103 0.592920 0.028866 0.054459
0 0.416323 0.536760 0.026460 0.068754
0 0.177835 0.712049 0.041581 0.032675
0 0.148454 0.782845 0.021306 0.046290
0 0.192784 0.784547 0.027491 0.031995
0 0.171134 0.854663 0.025430 0.072839
0 0.457216 0.742001 0.023711 0.065351
0 0.434364 0.913547 0.025430 0.061266
0 0.462027 0.925459 0.022337 0.064670
0 0.020275 0.925800 0.021306 0.044929
0 0.775258 0.033356 0.015808 0.066712
0 0.593643 0.079646 0.023024 0.047651
0 0.512371 0.322668 0.040550 0.036760
0 0.603952 0.404016 0.031271 0.048332
0 0.527663 0.489789 0.029897 0.068754
0 0.606357 0.481280 0.036082 0.034037
0 0.667182 0.397890 0.022337 0.074200
0 0.690034 0.439074 0.017182 0.059905
0 0.748282 0.361470 0.030584 0.053097
0 0.759278 0.308033 0.023711 0.066031
0 0.796564 0.369299 0.015120 0.061947
0 0.684708 0.526889 0.027148 0.036760
0 0.663746 0.633084 0.015464 0.085773
0 0.988832 0.509530 0.021649 0.064670
0 0.785739 0.633084 0.022337 0.088496
0 0.755842 0.688904 0.025773 0.035398
0 0.875258 0.579646 0.018557 0.072839
0 0.866838 0.711709 0.016151 0.076923
0 0.909966 0.705582 0.017182 0.049694
0 0.814261 0.805310 0.039519 0.034037
0 0.816838 0.882914 0.025430 0.043567
0 0.940034 0.873383 0.039519 0.027229
8 0.960481 0.958816 0.052921 0.081007
0 0.485052 0.367597 0.016151 0.047651
0 0.254639 0.420354 0.017182 0.079646
0 0.266755 0.375018 0.027519 0.064201
0 0.260427 0.336851 0.016954 0.069015
0 0.101853 0.448836 0.014458 0.081725
0 0.099923 0.399591 0.019023 0.025146
8 0.573435 0.021536 0.027555 0.043073
8 0.829186 0.910022 0.017851 0.031295