4 0.117383 0.084052 0.039403 0.039630
4 0.197217 0.103699 0.026992 0.033025
4 0.178667 0.158590 0.033333 0.040967
4 0.121123 0.179281 0.020048 0.060830
4 0.085767 0.175713 0.030200 0.042310
4 0.058853 0.214663 0.023627 0.059445
4 0.032000 0.252972 0.032000 0.051519
4 0.109000 0.321664 0.035333 0.048877
4 0.079458 0.391581 0.028667 0.053967
4 0.227333 0.229855 0.021333 0.071334
4 0.248580 0.239593 0.020487 0.060415
4 0.188667 0.396974 0.024000 0.033000
4 0.130000 0.413466 0.030667 0.039590
4 0.089931 0.488111 0.024137 0.040951
4 0.060333 0.504624 0.024667 0.039630
4 0.108000 0.542933 0.023058 0.052840
4 0.138111 0.489729 0.022889 0.041544
4 0.136583 0.541016 0.018108 0.067242
4 0.158667 0.501379 0.028000 0.038425
4 0.219845 0.621800 0.020309 0.044635
4 0.132333 0.715045 0.026000 0.061530
4 0.127000 0.775429 0.022000 0.066050
4 0.104000 0.780053 0.022667 0.075297
4 0.078923 0.756935 0.031179 0.039630
4 0.085569 0.794466 0.022589 0.038536
4 0.369183 0.540238 0.026145 0.047452
4 0.460333 0.803063 0.016667 0.026635
4 0.562000 0.163144 0.018667 0.051519
8 0.014475 0.916026 0.028950 0.058575
8 0.702453 0.045751 0.011043 0.091502
4 0.607422 0.177740 0.032245 0.037272
4 0.738333 0.238697 0.024667 0.067884
4 0.586031 0.221213 0.039253 0.052753
4 0.645785 0.239503 0.027399 0.054678
4 0.579229 0.305925 0.020210 0.068925
4 0.604685 0.297453 0.034589 0.049672
4 0.581852 0.390828 0.037115 0.060069
4 0.608062 0.426831 0.022007 0.065073
4 0.582338 0.440693 0.030703 0.045822
4 0.566209 0.477466 0.026428 0.048517
4 0.552218 0.507499 0.024873 0.058528
4 0.637332 0.512409 0.016711 0.060067
4 0.606823 0.539748 0.031869 0.035424
4 0.616539 0.570359 0.030315 0.039659
4 0.570582 0.573632 0.034395 0.048517
4 0.542308 0.590190 0.017101 0.053137
4 0.647825 0.603474 0.017878 0.053522
4 0.543571 0.663735 0.017295 0.054678
4 0.565821 0.712251 0.020209 0.066230
4 0.538518 0.772512 0.033618 0.053523
4 0.766247 0.294978 0.033111 0.040941
4 0.722512 0.511242 0.023975 0.033403
4 0.735155 0.603376 0.022663 0.038412
4 0.822390 0.625738 0.020884 0.061980
4 0.930970 0.500416 0.031019 0.049231