2 0.631443 0.924438 0.031271 0.055820
2 0.753265 0.751872 0.023368 0.060585
2 0.951890 0.694010 0.014433 0.066031
8 0.946392 0.733152 0.011684 0.020422
8 0.830241 0.913206 0.011684 0.023826
2 0.839519 0.527910 0.024055 0.034717
2 0.852921 0.397209 0.016495 0.068754
2 0.769244 0.382914 0.021649 0.066031
2 0.709278 0.237236 0.012371 0.040163
2 0.921478 0.127297 0.020275 0.049013
2 0.143643 0.748468 0.033677 0.052417
2 0.485911 0.678012 0.021993 0.050374
2 0.361512 0.610960 0.022680 0.045609
2 0.317698 0.677332 0.016838 0.063989
2 0.191581 0.740300 0.013402 0.030633
2 0.103780 0.547992 0.015808 0.065351
2 0.087973 0.466984 0.032302 0.032675
2 0.110825 0.422737 0.022337 0.058543
2 0.105670 0.346154 0.035395 0.045609
2 0.285223 0.110619 0.026804 0.049694
8 0.472852 0.173587 0.007560 0.013615
2 0.049828 0.956773 0.017869 0.060585