0 0.740378 0.920354 0.038832 0.040844
0 0.673024 0.805650 0.025773 0.064670
0 0.877491 0.879850 0.026460 0.059224
0 0.962371 0.762764 0.030584 0.027910
0 0.991409 0.820626 0.017182 0.055140
0 0.871649 0.661675 0.035395 0.038121
0 0.830069 0.670865 0.027148 0.068754
0 0.862543 0.609598 0.034364 0.044248
0 0.967354 0.537440 0.035739 0.046971
0 0.680241 0.769231 0.042268 0.028591
0 0.779038 0.642274 0.015120 0.063308
0 0.707216 0.657931 0.027491 0.046971
0 0.829381 0.471749 0.026460 0.072158
0 0.682646 0.510892 0.031959 0.041525
0 0.622509 0.551736 0.039519 0.036079
0 0.889863 0.370320 0.023024 0.028591
0 0.903093 0.296801 0.036426 0.039483
0 0.921478 0.233152 0.023711 0.059224
0 0.933527 0.276038 0.031915 0.038802
0 0.964605 0.307692 0.024055 0.062628
0 0.820917 0.308373 0.023459 0.069435
0 0.806186 0.357726 0.024742 0.061947
0 0.995704 0.140231 0.008591 0.043567
0 0.696220 0.399251 0.020619 0.074200
0 0.643299 0.229748 0.035739 0.052417
0 0.741065 0.083390 0.020962 0.056501
0 0.577341 0.053097 0.044631 0.031314
0 0.519416 0.328114 0.028522 0.053097
0 0.579449 0.085175 0.024424 0.054997
0 0.463746 0.283526 0.029210 0.038802
0 0.498570 0.041686 0.028290 0.036437
0 0.471306 0.692648 0.016838 0.074200
0 0.456357 0.615044 0.033677 0.031995
0 0.508591 0.536079 0.024742 0.060585
0 0.454811 0.512934 0.041581 0.029272
0 0.160825 0.988428 0.031615 0.023145
0 0.146048 0.964602 0.035052 0.039483
0 0.189691 0.921715 0.023368 0.050374
0 0.255155 0.960517 0.020962 0.046290
0 0.191237 0.787270 0.018900 0.056501
0 0.092784 0.752866 0.019244 0.073573
0 0.102234 0.715112 0.016838 0.070116
0 0.074742 0.637168 0.042268 0.029952
0 0.261168 0.617767 0.015808 0.075562
0 0.185739 0.575902 0.020962 0.053097
0 0.169072 0.512253 0.016495 0.076923
0 0.040893 0.552757 0.015120 0.073519
0 0.375945 0.261743 0.019931 0.074200
0 0.245533 0.303948 0.025773 0.072839
0 0.200344 0.058543 0.038488 0.034037
0 0.156701 0.073519 0.034364 0.055820
0 0.045189 0.145337 0.016151 0.081007
0 0.036254 0.213751 0.027148 0.063989
0 0.015979 0.334581 0.026460 0.056501
0 0.004903 0.355018 0.009118 0.032860
0 0.390788 0.166673 0.014970 0.061713
0 0.281953 0.185507 0.031154 0.033662
0 0.209330 0.224378 0.026703 0.055302
8 0.433849 0.566712 0.025773 0.027910
8 0.286426 0.389381 0.023711 0.021784
8 0.423024 0.189244 0.009622 0.072158
8 0.406517 0.180498 0.019724 0.055702
8 0.380926 0.100953 0.020331 0.076140
8 0.347902 0.114677 0.075658 0.073134
8 0.428010 0.544165 0.019825 0.020037
8 0.466495 0.834581 0.019588 0.031314
8 0.304811 0.812117 0.021306 0.039483
8 0.234364 0.736896 0.011684 0.089176
8 0.272852 0.677332 0.015120 0.024506
8 0.210137 0.736555 0.029210 0.063989
8 0.550000 0.657250 0.055326 0.052417
8 0.792268 0.517699 0.015464 0.057862
8 0.563402 0.357386 0.044330 0.031314
8 0.772337 0.743363 0.035395 0.073519
0 0.812349 0.009046 0.018271 0.016731