8 0.296615 0.731148 0.011979 0.124590
3 0.185937 0.157923 0.021875 0.053552
3 0.212240 0.200546 0.024479 0.062295
3 0.185938 0.207650 0.026042 0.056831
3 0.117448 0.370492 0.033854 0.030601
3 0.338281 0.302186 0.020313 0.077596
3 0.332598 0.417786 0.028554 0.064015
3 0.342708 0.264481 0.004167 0.004372
3 0.098437 0.830055 0.025000 0.040437
3 0.084635 0.867213 0.026562 0.066667
3 0.321875 0.828962 0.019792 0.051366
3 0.339844 0.881967 0.017188 0.050273
3 0.379167 0.874863 0.030208 0.040437
3 0.355361 0.854525 0.019487 0.074966
3 0.394792 0.822951 0.023958 0.039344
3 0.415365 0.787432 0.016146 0.036066
3 0.394531 0.405464 0.021354 0.056831
3 0.252083 0.550820 0.023958 0.056831
3 0.097656 0.556284 0.027604 0.069945
3 0.117448 0.369945 0.032812 0.029508
3 0.577083 0.168852 0.034375 0.038251
3 0.660156 0.297268 0.034896 0.043716
3 0.850000 0.152459 0.032292 0.042623
3 0.858333 0.470492 0.037500 0.033880
3 0.839323 0.602186 0.018229 0.069945
3 0.827083 0.578689 0.016667 0.057923
3 0.623698 0.383060 0.028646 0.044809
3 0.609833 0.406449 0.017834 0.076719
3 0.635156 0.445902 0.016146 0.067760
3 0.567708 0.487978 0.021875 0.060109
3 0.569531 0.606557 0.035938 0.039344
3 0.673177 0.587432 0.027604 0.040437
3 0.579167 0.669945 0.015625 0.078689
3 0.610677 0.750273 0.015104 0.020765
3 0.658073 0.771585 0.024479 0.045902
3 0.715625 0.840984 0.026042 0.057923
3 0.765365 0.814754 0.031771 0.038251
3 0.816667 0.774317 0.015625 0.064481
3 0.876042 0.762842 0.021875 0.054645
3 0.723698 0.862842 0.008854 0.014208
3 0.613802 0.803825 0.032813 0.029508
3 0.642708 0.821311 0.025000 0.046995
8 0.231250 0.733333 0.023958 0.059016