0 0.750172 0.930905 0.023368 0.060585
0 0.723540 0.864874 0.034708 0.040163
0 0.750859 0.759700 0.018557 0.078965
0 0.858076 0.910483 0.020619 0.036079
0 0.985739 0.626617 0.028522 0.031995
0 0.990722 0.405718 0.018557 0.035398
0 0.895017 0.113683 0.043643 0.029952
0 0.771649 0.165078 0.018213 0.068754
0 0.785739 0.060585 0.014777 0.073519
0 0.730928 0.075221 0.035052 0.033356
0 0.700172 0.103812 0.023024 0.071477
0 0.661684 0.385296 0.018213 0.057182
0 0.672337 0.187883 0.034021 0.036760
0 0.632387 0.253459 0.039341 0.028901
0 0.604124 0.275017 0.016495 0.087134
0 0.619759 0.502383 0.040206 0.029952
0 0.573711 0.464942 0.031271 0.055820
0 0.541924 0.365895 0.021993 0.044248
0 0.608076 0.968005 0.036770 0.039483
0 0.526406 0.905874 0.029546 0.059655
0 0.497251 0.765487 0.037801 0.040163
0 0.498282 0.640912 0.046735 0.034717
0 0.514674 0.567578 0.033194 0.056871
0 0.484536 0.473451 0.037113 0.037440
0 0.466838 0.346263 0.042955 0.032213
0 0.449313 0.747788 0.027148 0.079646
8 0.318729 0.787611 0.117869 0.178353
0 0.390378 0.979578 0.018557 0.040844
0 0.408076 0.698434 0.039519 0.039483
8 0.422337 0.647720 0.020619 0.049694
8 0.319416 0.555140 0.025773 0.038802
8 0.415636 0.537440 0.016838 0.030633
0 0.330756 0.958475 0.025086 0.069435
0 0.276117 0.892103 0.050515 0.033356
0 0.214261 0.959837 0.031959 0.029952
0 0.209622 0.837645 0.032302 0.041525
0 0.211512 0.707965 0.018213 0.073519
0 0.237973 0.558543 0.031271 0.046971
0 0.061512 0.658611 0.021306 0.061947
0 0.015979 0.649081 0.018900 0.068754
0 0.196564 0.323690 0.016495 0.078285
0 0.380928 0.373043 0.042955 0.031314
0 0.382131 0.339006 0.035739 0.034037
0 0.426976 0.235194 0.040893 0.036079
0 0.290206 0.306331 0.014089 0.093941
0 0.382818 0.132743 0.027491 0.059905
0 0.447251 0.106875 0.023711 0.047651
0 0.280412 0.208305 0.015120 0.053097
0 0.352234 0.061266 0.030928 0.046290
0 0.286426 0.112662 0.014777 0.079646
0 0.259622 0.086113 0.037457 0.031995
0 0.277971 0.627497 0.014634 0.074984
0 0.276459 0.585754 0.017853 0.046381
0 0.064261 0.912256 0.019244 0.081546
0 0.041237 0.944520 0.020619 0.053778
0 0.044330 0.987747 0.021993 0.024506
0 0.013402 0.917316 0.014433 0.082319
0 0.031959 0.797481 0.018557 0.075562
0 0.011684 0.789312 0.022680 0.031995
0 0.086082 0.396188 0.029210 0.069435
0 0.023883 0.308373 0.025773 0.069435
0 0.006701 0.350339 0.012715 0.035877
0 0.150859 0.106195 0.030928 0.035398
0 0.222852 0.053438 0.020962 0.066031
0 0.047938 0.096664 0.029897 0.057182