4 0.142199 0.111270 0.025527 0.069988
4 0.078989 0.198481 0.021979 0.058785
4 0.129000 0.239966 0.022000 0.073063
4 0.151333 0.260898 0.024000 0.062087
4 0.132333 0.296565 0.019333 0.035667
4 0.197333 0.227213 0.026667 0.034346
4 0.249000 0.159181 0.024667 0.038309
4 0.048667 0.352678 0.021333 0.060827
4 0.107667 0.488840 0.031333 0.039493
4 0.073714 0.550198 0.018095 0.064729
4 0.160000 0.565390 0.030667 0.039630
4 0.166000 0.512245 0.022667 0.048165
4 0.250000 0.581902 0.025333 0.030383
4 0.176000 0.614848 0.026667 0.056962
4 0.059667 0.604562 0.031333 0.036073
4 0.634576 0.126816 0.016182 0.029062
4 0.765000 0.128137 0.027333 0.073976
4 0.858182 0.108830 0.028363 0.051213
4 0.642196 0.212053 0.024393 0.062151
4 0.656667 0.260898 0.024000 0.030383
4 0.823509 0.289269 0.021684 0.065989
4 0.729333 0.433289 0.018667 0.042272
4 0.707803 0.435966 0.026945 0.052909
4 0.631000 0.383091 0.027333 0.071334
4 0.554000 0.442536 0.032000 0.034346
4 0.577088 0.477015 0.020843 0.045178
4 0.590000 0.519815 0.029333 0.040951
8 0.690667 0.463433 0.290667 0.242587
8 0.730265 0.739808 0.048816 0.517741
4 0.545333 0.597754 0.022667 0.027741
4 0.544000 0.683620 0.026667 0.056803
4 0.602667 0.684941 0.020000 0.070013
4 0.652333 0.605020 0.018000 0.058124
4 0.893667 0.472919 0.031333 0.066050
4 0.702314 0.867900 0.028627 0.055482