1 0.146048 0.099728 0.019244 0.076923
8 0.167010 0.113002 0.013058 0.049013
8 0.196735 0.046971 0.011340 0.053097
0 0.058419 0.105514 0.022680 0.061266
2 0.108446 0.268890 0.016891 0.074881
1 0.240893 0.331178 0.024055 0.113683
6 0.263574 0.183458 0.013058 0.051055
6 0.112199 0.396188 0.031271 0.063989
6 0.161340 0.384956 0.023024 0.033356
6 0.225086 0.293397 0.015120 0.059905
6 0.366838 0.200477 0.027148 0.055140
6 0.457904 0.135126 0.014089 0.057862
8 0.485052 0.390402 0.062887 0.116406
6 0.450172 0.399251 0.012371 0.055140
6 0.239347 0.482982 0.024399 0.023826
6 0.151546 0.539142 0.041237 0.032675
1 0.122680 0.568414 0.019244 0.054459
6 0.026735 0.559121 0.017869 0.059224
6 0.254467 0.640912 0.029210 0.030633
6 0.039863 0.727366 0.026117 0.083730
6 0.092440 0.761402 0.021993 0.068754
8 0.262199 0.682777 0.024742 0.036760
6 0.307732 0.678012 0.024399 0.068074
6 0.110137 0.867257 0.038144 0.028591
6 0.363746 0.711709 0.034021 0.034717
6 0.391237 0.844112 0.010653 0.078965
6 0.394158 0.618108 0.027491 0.039483
6 0.432818 0.752553 0.008591 0.064670
1 0.426976 0.640572 0.025773 0.104833
3 0.403093 0.643975 0.019244 0.072158
6 0.452405 0.582029 0.012715 0.077604
8 0.303952 0.517018 0.034021 0.046971
3 0.461684 0.234513 0.025773 0.067393
8 0.199828 0.349898 0.045704 0.058543
0 0.525258 0.030293 0.036770 0.030633
8 0.730241 0.039823 0.036426 0.056501
6 0.642440 0.058884 0.028522 0.019741
1 0.791924 0.136828 0.036770 0.122532
3 0.711168 0.273656 0.025086 0.061266
1 0.940034 0.307352 0.037457 0.067393
0 0.961340 0.274336 0.027835 0.032675
6 0.595189 0.416610 0.020619 0.084411
6 0.985223 0.304969 0.017869 0.059905
6 0.917010 0.375766 0.025773 0.038121
6 0.780412 0.493533 0.014433 0.046290
6 0.629210 0.572839 0.023368 0.064670
1 0.929897 0.624575 0.021306 0.082369
8 0.895876 0.693329 0.063918 0.206263
0 0.865464 0.710347 0.023711 0.053778
0 0.842612 0.701498 0.032990 0.029272
0 0.687629 0.820626 0.013058 0.057862
0 0.572201 0.820626 0.025430 0.067393
0 0.887801 0.831564 0.029897 0.029179
2 0.552577 0.864874 0.032302 0.066031
6 0.987629 0.633084 0.013058 0.057182
8 0.628694 0.704901 0.025773 0.056501
6 0.578578 0.229833 0.018192 0.044067
6 0.763742 0.326292 0.014925 0.048046
6 0.777237 0.311604 0.026883 0.056927
6 0.672640 0.487304 0.036667 0.016141
6 0.671255 0.506028 0.019230 0.018724
6 0.775064 0.655011 0.034549 0.023244
6 0.764104 0.675349 0.033000 0.020015
0 0.853613 0.481009 0.022163 0.051006
6 0.782276 0.114885 0.012071 0.059261
6 0.132176 0.753065 0.026792 0.025476
6 0.153074 0.740799 0.026912 0.013210
8 0.111575 0.332072 0.055427 0.087623
6 0.739770 0.085596 0.013655 0.040019
6 0.975864 0.231405 0.007732 0.035201