4 0.873667 0.838177 0.031333 0.040951
4 0.747999 0.801189 0.020003 0.070013
4 0.704000 0.813738 0.030667 0.036988
4 0.698242 0.774598 0.020849 0.054502
4 0.725667 0.617569 0.022000 0.033025
4 0.820000 0.550348 0.018667 0.059145
4 0.666000 0.569389 0.026667 0.036915
4 0.712333 0.398943 0.020667 0.066050
4 0.731211 0.402206 0.021799 0.059524
4 0.767000 0.311757 0.018000 0.058124
4 0.708000 0.334810 0.034667 0.043723
8 0.678000 0.623674 0.018667 0.031384
4 0.352331 0.797195 0.033183 0.042643
4 0.379916 0.768130 0.025166 0.033415
4 0.323606 0.805374 0.020154 0.059001
4 0.300778 0.785279 0.028792 0.059561
4 0.359316 0.750596 0.030701 0.039098
4 0.378667 0.716645 0.029333 0.035667
4 0.404333 0.740423 0.019333 0.038309
4 0.344376 0.672367 0.029614 0.045641
4 0.361651 0.636575 0.023033 0.063707
4 0.274043 0.655417 0.021388 0.045312
4 0.274667 0.556559 0.029333 0.052007
4 0.366358 0.575432 0.019284 0.053892
4 0.397000 0.487450 0.027333 0.042272
4 0.343791 0.420740 0.020915 0.056803
4 0.314473 0.383839 0.023613 0.061911
4 0.297000 0.424703 0.032667 0.035667
4 0.227333 0.438799 0.029333 0.036538
4 0.188333 0.401585 0.027333 0.036988
4 0.338413 0.315264 0.018509 0.061679
8 0.017667 0.159841 0.034000 0.097754