1 0.676742 0.967273 0.059575 0.047548
6 0.852370 0.833869 0.007288 0.069371
0 0.993643 0.962900 0.012715 0.056501
2 0.960825 0.760041 0.021306 0.070116
6 0.805498 0.733152 0.026804 0.053097
6 0.706873 0.818584 0.030241 0.026549
6 0.579725 0.868278 0.011684 0.060585
2 0.530584 0.732131 0.016495 0.045609
1 0.584364 0.646358 0.035395 0.127297
0 0.525945 0.639210 0.017526 0.070796
3 0.716495 0.685160 0.015808 0.046971
3 0.686942 0.617427 0.030928 0.035398
3 0.707730 0.591487 0.028526 0.050518
1 0.704272 0.531504 0.018947 0.073219
6 0.676460 0.577944 0.024399 0.059905
6 0.725494 0.576554 0.034493 0.016281
6 0.541409 0.621395 0.007904 0.041973
6 0.559602 0.565351 0.009238 0.051055
6 0.529771 0.518380 0.039611 0.031995
6 0.564089 0.433288 0.026460 0.044248
3 0.620103 0.433288 0.027835 0.040163
6 0.906026 0.551503 0.009253 0.044714
6 0.833505 0.457454 0.023711 0.021784
6 0.828141 0.330181 0.027416 0.026995
6 0.934831 0.311261 0.035985 0.037090
6 0.835712 0.236466 0.035686 0.037262
6 0.732769 0.184955 0.008284 0.060856
0 0.888660 0.095303 0.033677 0.032675
1 0.744845 0.130020 0.057388 0.029952
3 0.684519 0.239033 0.032269 0.036570
6 0.622509 0.152485 0.034708 0.035398
6 0.661100 0.116065 0.019795 0.063308
0 0.610040 0.287611 0.031077 0.038802
6 0.637733 0.124234 0.032855 0.029272
2 0.592440 0.142274 0.015120 0.063989
3 0.555670 0.132403 0.024055 0.045609
2 0.525086 0.309735 0.019931 0.049013
0 0.512543 0.130361 0.038144 0.030633
0 0.501718 0.064670 0.017182 0.057182
6 0.552361 0.100009 0.026745 0.029163
6 0.359794 0.868278 0.008247 0.056501
6 0.308763 0.861130 0.018900 0.036760
3 0.073368 0.841729 0.025086 0.063308
6 0.259169 0.664402 0.011121 0.081679
0 0.128284 0.687543 0.015331 0.078965
6 0.031959 0.645337 0.031615 0.063989
6 0.335052 0.609258 0.019244 0.042206
0 0.396564 0.575902 0.022680 0.066712
2 0.317698 0.566031 0.015464 0.060585
6 0.351890 0.487804 0.034364 0.034603
6 0.425773 0.490810 0.032990 0.034037
6 0.170790 0.359428 0.008935 0.074881
6 0.123711 0.333220 0.035739 0.046971
6 0.229038 0.286249 0.035395 0.081007
0 0.395189 0.346835 0.048797 0.082369
0 0.289519 0.090538 0.022337 0.084411
6 0.298110 0.154187 0.012715 0.051055
6 0.262887 0.210688 0.013746 0.064670
6 0.246564 0.211751 0.009278 0.051651
6 0.079553 0.455752 0.024399 0.017018
6 0.161856 0.302246 0.030241 0.031314
0 0.078161 0.199796 0.016874 0.066031
0 0.021473 0.439789 0.018000 0.066781
0 0.041155 0.526889 0.037637 0.031314
0 0.024298 0.512628 0.029352 0.073450
3 0.081787 0.101770 0.021306 0.064670
6 0.059450 0.147039 0.022680 0.019061
8 0.040722 0.024506 0.042268 0.047651
8 0.281443 0.019401 0.015120 0.037440
0 0.337113 0.016338 0.015808 0.031314
1 0.391237 0.032335 0.040206 0.030633
8 0.417182 0.217835 0.070103 0.254595
8 0.808763 0.084752 0.042955 0.061947