0 0.171821 0.020790 0.024055 0.040163
0 0.273024 0.018720 0.023024 0.037440
0 0.174570 0.090878 0.025430 0.055140
0 0.158763 0.165759 0.014433 0.053778
0 0.199074 0.203880 0.023845 0.066031
0 0.303436 0.153506 0.040550 0.041525
0 0.334536 0.109598 0.026460 0.062628
0 0.147423 0.299183 0.016495 0.075562
0 0.047423 0.320626 0.039175 0.034037
0 0.095189 0.416610 0.039863 0.031314
0 0.233849 0.421375 0.035395 0.055820
0 0.286598 0.434649 0.017182 0.068754
0 0.324774 0.472316 0.018620 0.051965
0 0.090206 0.298162 0.018900 0.062628
0 0.011684 0.415248 0.023368 0.034037
0 0.071649 0.530973 0.038144 0.038121
0 0.089003 0.671545 0.046048 0.030633
0 0.076632 0.785909 0.040550 0.036079
0 0.055498 0.940095 0.018213 0.069435
0 0.110653 0.855997 0.032302 0.055195
0 0.152577 0.768210 0.028179 0.052417
0 0.208247 0.799183 0.037801 0.053097
0 0.256701 0.702519 0.039175 0.032675
0 0.286426 0.736215 0.016838 0.070116
0 0.329553 0.615385 0.022680 0.053097
0 0.336927 0.547344 0.023741 0.063924
0 0.375086 0.729748 0.016151 0.078965
0 0.396392 0.686521 0.025773 0.053778
0 0.447423 0.576923 0.020619 0.079646
0 0.478522 0.707965 0.013402 0.072158
0 0.356873 0.882914 0.038144 0.039483
0 0.469931 0.973111 0.019588 0.048332
0 0.722852 0.044248 0.039519 0.054459
0 0.847938 0.085773 0.021649 0.072158
0 0.650344 0.222260 0.042268 0.030633
0 0.730412 0.196392 0.034021 0.029272
0 0.798282 0.282165 0.024055 0.048332
0 0.754983 0.333560 0.019931 0.078965
0 0.852234 0.289653 0.031615 0.029272
0 0.989691 0.160313 0.019931 0.036079
0 0.538144 0.428863 0.039175 0.032675
0 0.560653 0.232811 0.023024 0.042206
0 0.959450 0.406739 0.030241 0.030633
0 0.865979 0.587474 0.018557 0.078965
0 0.874742 0.682437 0.016151 0.078285
0 0.592612 0.738938 0.040206 0.037440
0 0.505326 0.614704 0.029210 0.061266
0 0.511856 0.782845 0.014089 0.055820
0 0.529381 0.980259 0.025086 0.038121
0 0.398282 0.088836 0.014433 0.029272
0 0.102629 0.275496 0.012937 0.064381
0 0.011328 0.460964 0.018827 0.027813
0 0.004946 0.661420 0.009892 0.018805
0 0.430697 0.452904 0.028719 0.039191
0 0.413614 0.455326 0.018468 0.021951
0 0.066029 0.969932 0.023266 0.043993
0 0.139527 0.914941 0.025909 0.031423
0 0.132388 0.947674 0.019564 0.035089
0 0.159223 0.895564 0.010840 0.050277
0 0.589698 0.232978 0.031284 0.046818
0 0.951701 0.279549 0.014429 0.061602
0 0.956552 0.325134 0.012688 0.068009
0 0.976827 0.349775 0.036819 0.034497