6 0.046846 0.053015 0.051066 0.106031
6 0.042449 0.023876 0.022049 0.047751
6 0.013216 0.106124 0.026431 0.095253
6 0.007276 0.164256 0.014553 0.011231
6 0.058412 0.229954 0.013374 0.112350
6 0.155109 0.047627 0.039353 0.061796
6 0.162794 0.023143 0.028027 0.046285
6 0.177052 0.021922 0.013159 0.043844
8 0.264081 0.194004 0.038416 0.051779
6 0.113480 0.299027 0.032294 0.051779
6 0.123958 0.360820 0.031558 0.132378
6 0.053120 0.361553 0.015024 0.074249
6 0.221368 0.457977 0.012801 0.088302
6 0.223186 0.465117 0.030899 0.121142
6 0.245697 0.460540 0.014183 0.067050
6 0.278062 0.557683 0.051557 0.022958
6 0.366660 0.511603 0.038638 0.109257
6 0.413119 0.560126 0.050352 0.020028
7 0.273260 0.627292 0.014658 0.020516
7 0.294616 0.594075 0.009857 0.010747
6 0.458203 0.054341 0.066607 0.042348
7 0.466967 0.073899 0.033303 0.025973
6 0.362829 0.093284 0.025173 0.063435
6 0.407701 0.298471 0.016538 0.120190
6 0.477157 0.225955 0.031542 0.086949
6 0.486988 0.360075 0.060544 0.047860
6 0.546953 0.183479 0.044735 0.064719
7 0.572998 0.255759 0.030557 0.036092
6 0.665750 0.152170 0.042810 0.101030
6 0.738722 0.145467 0.025975 0.077521
6 0.760289 0.193447 0.014164 0.121838
6 0.490382 0.420512 0.034869 0.099519
6 0.626365 0.322646 0.043586 0.069512
6 0.644625 0.324679 0.036578 0.077583
6 0.743132 0.277605 0.055571 0.045512
6 0.768206 0.381069 0.027401 0.052187
7 0.662524 0.486049 0.030920 0.031554
7 0.738548 0.480195 0.022669 0.038757
6 0.520218 0.587339 0.022919 0.092844
6 0.514195 0.680438 0.049329 0.080707
7 0.447496 0.789449 0.016954 0.038230
6 0.423431 0.826007 0.034317 0.098615
6 0.528969 0.861661 0.022919 0.069785
7 0.662034 0.780953 0.023030 0.030948
6 0.680142 0.783987 0.021978 0.085562
6 0.747095 0.815489 0.032024 0.121415
6 0.626807 0.962277 0.060362 0.073956
7 0.623262 0.969364 0.015962 0.038089
6 0.790394 0.978054 0.028940 0.042401
6 0.795079 0.972697 0.042012 0.053115
7 0.793346 0.949885 0.019375 0.030352
6 0.801964 0.959994 0.033953 0.076356
6 0.799159 0.936596 0.039564 0.070333
7 0.831789 0.890364 0.011421 0.014584
6 0.874531 0.981790 0.010779 0.034929
7 0.867535 0.786102 0.008456 0.026016
6 0.952646 0.699656 0.026596 0.066417
6 0.959274 0.691007 0.027461 0.097362
7 0.988249 0.487968 0.022732 0.016376
7 0.843208 0.521314 0.021161 0.014282
7 0.854697 0.457262 0.004773 0.018651
7 0.760900 0.566850 0.023847 0.103352
7 0.889354 0.197526 0.010363 0.019612
7 0.995616 0.143196 0.007997 0.008481
6 0.602029 0.541327 0.036994 0.082399
8 0.604501 0.692845 0.017254 0.029963
8 0.488059 0.723227 0.007416 0.017130
7 0.269835 0.987168 0.007527 0.024173
7 0.205319 0.769592 0.025806 0.025459
6 0.044640 0.896124 0.034261 0.111156