3 0.912500 0.671585 0.023958 0.068852
3 0.900781 0.473224 0.019271 0.067760
3 0.785156 0.575956 0.030729 0.045902
3 0.747396 0.586339 0.037500 0.036066
3 0.708854 0.604372 0.028125 0.037158
3 0.615625 0.816940 0.019792 0.066667
3 0.625781 0.849727 0.035938 0.042623
3 0.731771 0.835519 0.017708 0.060109
3 0.753400 0.825137 0.031394 0.054645
3 0.841927 0.808743 0.023438 0.061202
3 0.854688 0.292350 0.018750 0.057923
3 0.730469 0.291257 0.020312 0.025137
3 0.596875 0.122404 0.023958 0.028415
3 0.609896 0.154645 0.034375 0.031694
3 0.748177 0.147541 0.023438 0.061202
3 0.786198 0.220219 0.018229 0.060109
3 0.791667 0.178689 0.030208 0.029508
3 0.898177 0.219126 0.018229 0.060109
3 0.899740 0.164481 0.024479 0.029508
3 0.906771 0.139344 0.028125 0.046995
3 0.746094 0.736612 0.022396 0.061202
3 0.409375 0.457377 0.014583 0.062295
3 0.280469 0.479235 0.036979 0.040437
3 0.103125 0.450820 0.019792 0.084153
3 0.071094 0.361749 0.027604 0.043716
3 0.247917 0.298361 0.014583 0.061202
3 0.272135 0.177596 0.014063 0.064481
3 0.232031 0.191803 0.034896 0.049180
3 0.223438 0.133333 0.026042 0.037158
3 0.165625 0.156284 0.019792 0.078689
3 0.403385 0.310929 0.016146 0.046995
3 0.372656 0.262842 0.020313 0.062295
3 0.428646 0.203825 0.022917 0.073224
3 0.404525 0.166893 0.011658 0.064492
3 0.414193 0.166969 0.015363 0.076014
3 0.373177 0.109290 0.034896 0.037158
3 0.272917 0.332787 0.019792 0.073224
8 0.301042 0.909290 0.019792 0.015301
8 0.151302 0.747110 0.056771 0.178373
8 0.272656 0.332787 0.019271 0.073224
3 0.750886 0.860977 0.021145 0.076953
3 0.269531 0.836066 0.032813 0.037158
3 0.239063 0.791803 0.030208 0.057923
3 0.230990 0.739344 0.040104 0.036066
3 0.154167 0.803279 0.035417 0.050273
3 0.304142 0.343880 0.036322 0.032593
3 0.329950 0.312541 0.021507 0.069198
3 0.426491 0.476007 0.021984 0.058166
3 0.187701 0.625934 0.034911 0.035186