6 0.639863 0.902655 0.028179 0.053097
6 0.743986 0.910824 0.039863 0.042206
8 0.720790 0.825391 0.070447 0.286590
6 0.584192 0.760381 0.023368 0.034037
6 0.572337 0.799183 0.007904 0.039483
6 0.577835 0.688223 0.028522 0.073519
1 0.573883 0.962219 0.033677 0.044248
2 0.746564 0.629680 0.023711 0.070796
0 0.615979 0.638189 0.014089 0.072839
6 0.571821 0.571818 0.024742 0.053097
8 0.849141 0.781484 0.024742 0.051736
6 0.886254 0.783526 0.026117 0.040844
6 0.939691 0.680395 0.009278 0.078285
0 0.875945 0.480939 0.031615 0.042886
3 0.950687 0.579306 0.031271 0.031314
6 0.741581 0.425800 0.041237 0.045609
6 0.714777 0.497617 0.017869 0.062628
8 0.661340 0.235534 0.020275 0.156569
1 0.679210 0.281484 0.028522 0.052417
6 0.633849 0.304289 0.009966 0.063989
6 0.808076 0.253233 0.044330 0.024506
6 0.924570 0.236896 0.034021 0.021784
6 0.912543 0.208645 0.022337 0.033356
6 0.916495 0.061607 0.040550 0.033356
6 0.837285 0.107216 0.023024 0.048332
6 0.814261 0.172226 0.013402 0.072158
3 0.769244 0.203880 0.028522 0.038802
6 0.713746 0.173247 0.035052 0.026549
6 0.773540 0.164057 0.010309 0.050374
8 0.562887 0.345473 0.030241 0.135466
0 0.222509 0.933969 0.017526 0.066712
3 0.304467 0.959156 0.021306 0.050374
6 0.259966 0.837985 0.016151 0.070796
6 0.411340 0.663376 0.030241 0.042886
6 0.117182 0.815180 0.013058 0.067393
1 0.256014 0.517018 0.020619 0.097345
3 0.147595 0.574541 0.015464 0.066712
6 0.051546 0.495235 0.035739 0.021103
6 0.234880 0.527910 0.024399 0.027910
6 0.228179 0.411504 0.027491 0.045609
8 0.020103 0.594622 0.026460 0.051055
8 0.011684 0.927502 0.022680 0.081007
1 0.460137 0.271954 0.018557 0.132743
0 0.090722 0.291355 0.013746 0.073519
6 0.097251 0.211028 0.013746 0.074881
6 0.259794 0.239959 0.016495 0.055140
6 0.270790 0.110279 0.021993 0.057182
6 0.382474 0.088496 0.036426 0.027229
6 0.144158 0.092240 0.035395 0.023826
6 0.092096 0.075562 0.026117 0.036760
8 0.125086 0.244384 0.017182 0.035398
8 0.114605 0.581348 0.022337 0.038121
8 0.907904 0.877468 0.026804 0.029952
8 0.952749 0.629680 0.033333 0.038121