4 0.659000 0.857992 0.020667 0.062087
4 0.729667 0.787629 0.024667 0.054860
4 0.751333 0.818058 0.029333 0.038917
4 0.847072 0.867239 0.023477 0.051519
4 0.881909 0.872981 0.034484 0.045320
4 0.896333 0.777411 0.027333 0.048877
4 0.850038 0.556056 0.029410 0.076015
4 0.802654 0.597650 0.025307 0.038518
4 0.704822 0.673664 0.021645 0.071431
4 0.692333 0.589892 0.020667 0.056930
4 0.712000 0.509247 0.033333 0.038309
4 0.808111 0.468296 0.029111 0.048877
4 0.885938 0.440338 0.035333 0.039441
4 0.709333 0.466975 0.026667 0.035667
4 0.720000 0.411493 0.034667 0.040951
4 0.696463 0.357992 0.020961 0.047556
4 0.702667 0.325627 0.026667 0.035667
4 0.871000 0.265996 0.031333 0.041324
4 0.833609 0.225231 0.020783 0.059445
4 0.390333 0.825627 0.026000 0.058124
4 0.366667 0.832232 0.018667 0.058124
4 0.345667 0.824306 0.020667 0.058124
4 0.233333 0.830251 0.030667 0.040951
4 0.259667 0.770145 0.019333 0.055482
4 0.214982 0.793923 0.033963 0.047556
4 0.163333 0.861955 0.024000 0.030383
4 0.204925 0.723896 0.027183 0.044942
4 0.248333 0.585951 0.023333 0.035495
4 0.275667 0.523778 0.023333 0.067371
4 0.207987 0.546235 0.024026 0.062087
4 0.418333 0.297226 0.031333 0.034346
4 0.299728 0.314399 0.023211 0.066050
4 0.279123 0.315059 0.019580 0.067371
4 0.243000 0.374505 0.019333 0.059445
4 0.234138 0.413950 0.028079 0.059815
4 0.208333 0.431308 0.031333 0.035667