6 0.317271 0.169864 0.051658 0.065510
6 0.257517 0.146051 0.026214 0.068554
6 0.217810 0.079351 0.029298 0.085709
6 0.395528 0.037258 0.055513 0.070045
6 0.017540 0.134270 0.035081 0.034961
6 0.140902 0.261525 0.066692 0.040288
6 0.072668 0.291356 0.064379 0.043219
6 0.085110 0.394188 0.020991 0.113264
6 0.058447 0.440015 0.052128 0.070790
6 0.109676 0.430328 0.035852 0.023100
6 0.194159 0.411437 0.041635 0.058867
6 0.466847 0.021237 0.036237 0.042474
6 0.350810 0.312966 0.023901 0.047690
6 0.036816 0.591654 0.030455 0.113264
6 0.219931 0.627794 0.022745 0.127422
6 0.093485 0.590909 0.025829 0.073025
6 0.200848 0.569300 0.025443 0.026826
6 0.197603 0.790611 0.014972 0.067064
6 0.064187 0.751490 0.042791 0.100596
6 0.036642 0.842027 0.028489 0.095380
6 0.106207 0.960018 0.048959 0.043732
6 0.389167 0.806710 0.048959 0.032198
6 0.494796 0.705239 0.060524 0.030655
6 0.542020 0.625186 0.020046 0.137109
6 0.616037 0.611924 0.031611 0.141880
6 0.659792 0.587556 0.024287 0.124441
6 0.772745 0.633357 0.058211 0.029858
6 0.476061 0.809613 0.027062 0.055887
6 0.515806 0.859538 0.026214 0.082712
6 0.511091 0.958644 0.014826 0.081222
6 0.665882 0.789755 0.027756 0.035022
6 0.776793 0.772399 0.040864 0.060269
6 0.776985 0.851341 0.022745 0.073770
6 0.808019 0.807004 0.012336 0.056632
6 0.659617 0.928092 0.013143 0.048435
7 0.431187 0.811848 0.008867 0.032042
7 0.586160 0.646423 0.014264 0.039493
7 0.691403 0.450820 0.028142 0.023845
7 0.598111 0.402385 0.017348 0.031297
7 0.254048 0.351714 0.015420 0.025335
6 0.671550 0.992176 0.030840 0.014158
6 0.675019 0.046945 0.061681 0.032787
6 0.623169 0.100596 0.027371 0.056632
6 0.578450 0.142697 0.016577 0.112519
6 0.541249 0.220566 0.050887 0.031297
7 0.514264 0.094262 0.010794 0.040984
6 0.467039 0.207154 0.028142 0.032787
7 0.524094 0.276453 0.015806 0.035768
6 0.483231 0.311103 0.018119 0.131893
6 0.549345 0.342142 0.037779 0.045970
6 0.661334 0.188152 0.048188 0.048435
6 0.666345 0.228390 0.055898 0.042474
6 0.785081 0.056259 0.020432 0.072280
6 0.977062 0.045673 0.031226 0.024898
6 0.758481 0.305142 0.021974 0.137854
6 0.789005 0.359538 0.042928 0.026080
6 0.798766 0.403875 0.047032 0.067064
7 0.837895 0.440760 0.008867 0.029061
6 0.912683 0.388599 0.022745 0.073770
6 0.849268 0.555514 0.033153 0.073770
6 0.990748 0.490463 0.017733 0.038003
6 0.958924 0.736960 0.066653 0.055142
6 0.922899 0.852459 0.031611 0.105812
7 0.890324 0.861773 0.015035 0.046945
6 0.956495 0.866244 0.048959 0.036513
6 0.920586 0.935171 0.020817 0.047690
6 0.325572 0.387469 0.026340 0.142259
7 0.341260 0.385598 0.006585 0.041180
6 0.277734 0.492292 0.006585 0.050914
6 0.295378 0.530301 0.046508 0.029265
6 0.167480 0.537474 0.041066 0.068475
6 0.163423 0.556123 0.027015 0.038828
6 0.251739 0.582040 0.028499 0.060442
6 0.263613 0.601932 0.049873 0.061972
6 0.263614 0.714018 0.017416 0.123944
7 0.269155 0.693742 0.006333 0.026778
6 0.277665 0.715738 0.013854 0.095253
6 0.273113 0.878511 0.039581 0.081099
7 0.285977 0.884249 0.017020 0.029838
6 0.102813 0.889222 0.031665 0.087220
6 0.119338 0.902611 0.016031 0.052791
7 0.098261 0.867800 0.010687 0.027543
6 0.594020 0.491235 0.018221 0.059647
6 0.560664 0.758296 0.017927 0.081375
6 0.551259 0.751977 0.013225 0.076689
6 0.734902 0.768450 0.041512 0.065327
6 0.733800 0.768166 0.034899 0.059079
6 0.554353 0.850024 0.050337 0.025899