1 0.323258 0.032727 0.059575 0.047548
6 0.147630 0.166131 0.007288 0.069371
0 0.006357 0.037100 0.012715 0.056501
2 0.039175 0.239959 0.021306 0.070116
6 0.194502 0.266848 0.026804 0.053097
6 0.293127 0.181416 0.030241 0.026549
6 0.420275 0.131722 0.011684 0.060585
2 0.469416 0.267869 0.016495 0.045609
1 0.415636 0.353642 0.035395 0.127297
0 0.474055 0.360790 0.017526 0.070796
3 0.283505 0.314840 0.015808 0.046971
3 0.313058 0.382573 0.030928 0.035398
3 0.292270 0.408513 0.028526 0.050518
1 0.295728 0.468496 0.018947 0.073219
6 0.323540 0.422056 0.024399 0.059905
6 0.274506 0.423446 0.034493 0.016281
6 0.458591 0.378605 0.007904 0.041973
6 0.440398 0.434649 0.009238 0.051055
6 0.470229 0.481620 0.039611 0.031995
6 0.435911 0.566712 0.026460 0.044248
3 0.379897 0.566712 0.027835 0.040163
6 0.093974 0.448497 0.009253 0.044714
6 0.166495 0.542546 0.023711 0.021784
6 0.171859 0.669819 0.027416 0.026995
6 0.065169 0.688739 0.035985 0.037090
6 0.164288 0.763534 0.035686 0.037262
6 0.267231 0.815045 0.008284 0.060856
0 0.111340 0.904697 0.033677 0.032675
1 0.255155 0.869980 0.057388 0.029952
3 0.315481 0.760967 0.032269 0.036570
6 0.377491 0.847515 0.034708 0.035398
6 0.338900 0.883935 0.019795 0.063308
0 0.389960 0.712389 0.031077 0.038802
6 0.362267 0.875766 0.032855 0.029272
2 0.407560 0.857726 0.015120 0.063989
3 0.444330 0.867597 0.024055 0.045609
2 0.474914 0.690265 0.019931 0.049013
0 0.487457 0.869639 0.038144 0.030633
0 0.498282 0.935330 0.017182 0.057182
6 0.447639 0.899991 0.026745 0.029163
6 0.640206 0.131722 0.008247 0.056501
6 0.691237 0.138870 0.018900 0.036760
3 0.926632 0.158271 0.025086 0.063308
6 0.740831 0.335598 0.011121 0.081679
0 0.871716 0.312457 0.015331 0.078965
6 0.968041 0.354663 0.031615 0.063989
6 0.664948 0.390742 0.019244 0.042206
0 0.603436 0.424098 0.022680 0.066712
2 0.682302 0.433969 0.015464 0.060585
6 0.648110 0.512196 0.034364 0.034603
6 0.574227 0.509190 0.032990 0.034037
6 0.829210 0.640572 0.008935 0.074881
6 0.876289 0.666780 0.035739 0.046971
6 0.770962 0.713751 0.035395 0.081007
0 0.604811 0.653165 0.048797 0.082369
0 0.710481 0.909462 0.022337 0.084411
6 0.701890 0.845813 0.012715 0.051055
6 0.737113 0.789312 0.013746 0.064670
6 0.753436 0.788249 0.009278 0.051651
6 0.920447 0.544248 0.024399 0.017018
6 0.838144 0.697754 0.030241 0.031314
0 0.921839 0.800204 0.016874 0.066031
0 0.978527 0.560211 0.018000 0.066781
0 0.958845 0.473111 0.037637 0.031314
0 0.975702 0.487372 0.029352 0.073450
3 0.918213 0.898230 0.021306 0.064670
6 0.940550 0.852961 0.022680 0.019061
8 0.959278 0.975494 0.042268 0.047651
8 0.718557 0.980599 0.015120 0.037440
0 0.662887 0.983662 0.015808 0.031314
1 0.608763 0.967665 0.040206 0.030633
8 0.582818 0.782165 0.070103 0.254595
8 0.191237 0.915248 0.042955 0.061947