8 0.217869 0.131042 0.048110 0.076923
8 0.303093 0.425119 0.133333 0.042886
8 0.213918 0.389040 0.036770 0.071477
8 0.065636 0.441797 0.083162 0.054459
8 0.202921 0.939755 0.016838 0.119129
8 0.393471 0.778080 0.021306 0.043567
8 0.592096 0.067052 0.026804 0.134105
8 0.638144 0.196732 0.026804 0.049013
8 0.595704 0.091899 0.007904 0.036760
8 0.777148 0.328795 0.128179 0.155208
8 0.843884 0.384437 0.019594 0.133806
8 0.846729 0.312457 0.096171 0.122908
8 0.837810 0.247546 0.086088 0.111386
8 0.765682 0.245241 0.010858 0.060686
8 0.976319 0.300070 0.046674 0.075474
8 0.856357 0.514976 0.059794 0.015657
8 0.900172 0.581688 0.062199 0.019741
8 0.881787 0.554799 0.024055 0.025868
8 0.605498 0.538121 0.019931 0.042886
8 0.628522 0.612662 0.013746 0.035398
8 0.540034 0.512934 0.035395 0.051055
8 0.720962 0.675970 0.021306 0.020422
8 0.795017 0.840027 0.153608 0.053097
8 0.928866 0.745405 0.052921 0.061266
8 0.927320 0.811096 0.015464 0.017018
8 0.714089 0.957454 0.010309 0.083730
8 0.527835 0.871341 0.033677 0.069435
8 0.807904 0.984003 0.012371 0.030633
8 0.993643 0.970728 0.012027 0.029952
8 0.430877 0.096139 0.074396 0.192277
1 0.104467 0.069435 0.010309 0.021784
1 0.279725 0.538802 0.024742 0.049694
1 0.126804 0.509530 0.015808 0.040163
1 0.117010 0.827774 0.012715 0.054459
1 0.099656 0.857046 0.021306 0.031314
1 0.226460 0.788291 0.012371 0.043567
1 0.250687 0.736896 0.012027 0.023826
1 0.250515 0.807692 0.019931 0.026549
1 0.301546 0.849898 0.031959 0.044248
1 0.332990 0.835943 0.013746 0.019061
1 0.399828 0.882233 0.019588 0.038121
1 0.554811 0.812117 0.021649 0.038121
1 0.574914 0.717835 0.012371 0.037440
1 0.572337 0.271613 0.014089 0.021784
1 0.637285 0.054799 0.011340 0.031995
1 0.687629 0.229067 0.009622 0.037440
1 0.774570 0.138189 0.026117 0.024506
1 0.914948 0.147379 0.016151 0.022464
1 0.812543 0.669843 0.016838 0.024506
1 0.852062 0.686862 0.014089 0.017699
1 0.896048 0.934990 0.020962 0.029272
1 0.667010 0.960517 0.015120 0.036760
1 0.996564 0.473451 0.006186 0.022464
8 0.414057 0.023114 0.019410 0.046229
1 0.436110 0.086473 0.009742 0.016756