7 0.156297 0.052617 0.018574 0.025000
7 0.100689 0.072094 0.020905 0.036047
6 0.199572 0.060320 0.063767 0.043314
6 0.216981 0.059012 0.057225 0.049420
7 0.228561 0.035466 0.011204 0.013954
6 0.259279 0.038082 0.043614 0.022675
6 0.263678 0.077835 0.046848 0.051018
6 0.312970 0.052908 0.057150 0.025581
7 0.331919 0.032849 0.018047 0.014535
7 0.355531 0.045349 0.023762 0.030232
6 0.401401 0.045349 0.043915 0.041861
6 0.437044 0.042006 0.045419 0.022384
6 0.416591 0.072966 0.049630 0.026163
6 0.372074 0.152327 0.017145 0.069768
6 0.312970 0.165991 0.019852 0.063373
7 0.332521 0.184014 0.012633 0.058721
7 0.240141 0.306690 0.028349 0.035466
6 0.102117 0.271515 0.027673 0.083722
7 0.053992 0.331400 0.027071 0.036047
7 0.091891 0.388959 0.030680 0.040698
6 0.145431 0.359598 0.049329 0.063373
6 0.245668 0.362214 0.040155 0.087211
6 0.305600 0.334598 0.016544 0.135466
6 0.046321 0.497972 0.029176 0.114537
6 0.077302 0.559019 0.015942 0.111048
6 0.260933 0.554949 0.033087 0.107560
6 0.327558 0.471518 0.017145 0.089537
6 0.320226 0.536926 0.042637 0.021512
6 0.346978 0.675943 0.036241 0.022941
7 0.461318 0.617771 0.013847 0.033319
7 0.374848 0.363507 0.019498 0.022941
7 0.414268 0.358591 0.010738 0.021849
7 0.451710 0.320083 0.021194 0.025672
7 0.414975 0.309842 0.007065 0.029223
6 0.430799 0.280073 0.024585 0.105147
6 0.424441 0.228865 0.015825 0.070462
7 0.381454 0.377510 0.012498 0.011019
8 0.470458 0.531696 0.018632 0.033442
8 0.470999 0.783154 0.019547 0.039873
6 0.581631 0.090058 0.029249 0.121107
6 0.572680 0.106741 0.033725 0.097627
7 0.562851 0.052984 0.005434 0.019772
6 0.536958 0.152156 0.034843 0.099481
7 0.561013 0.246076 0.019979 0.024098
6 0.574359 0.301995 0.022696 0.079090
7 0.596575 0.061943 0.014065 0.020390
6 0.642168 0.042480 0.058419 0.025952
7 0.710935 0.030740 0.022536 0.014829
6 0.717569 0.058545 0.046352 0.044488
7 0.640210 0.057001 0.020139 0.020390
7 0.790492 0.045879 0.016223 0.036456
6 0.848312 0.042480 0.063613 0.030895
8 0.644419 0.193225 0.135070 0.297078
6 0.700070 0.346963 0.027813 0.040320
6 0.746684 0.302664 0.056082 0.070560
6 0.767223 0.232016 0.015736 0.043856
6 0.860175 0.256774 0.025983 0.048101
6 0.896404 0.281178 0.029642 0.108227
6 0.936110 0.269153 0.060017 0.030417
6 0.887988 0.356866 0.045012 0.061541
6 0.946815 0.327510 0.025434 0.067908
6 0.854228 0.353683 0.052514 0.063662
7 0.962825 0.028648 0.008783 0.030417
6 0.895901 0.133338 0.026989 0.061541
7 0.949102 0.238382 0.015736 0.016976
7 0.853954 0.070737 0.009149 0.043856
7 0.832191 0.061075 0.021619 0.020684
7 0.750595 0.071977 0.010701 0.019007
7 0.597231 0.690326 0.018368 0.045648
7 0.646476 0.737785 0.020336 0.027533
7 0.835963 0.521865 0.020710 0.030431
8 0.983842 0.692862 0.012838 0.027534
7 0.977767 0.598786 0.011109 0.042947
7 0.981900 0.446716 0.008988 0.029482
6 0.899099 0.535953 0.023697 0.082656
6 0.835134 0.715510 0.021793 0.111328
6 0.615804 0.622536 0.032689 0.026478