2 0.767698 0.945201 0.035052 0.027910
2 0.797595 0.906739 0.017869 0.066712
2 0.755326 0.764125 0.017182 0.045609
8 0.715464 0.874064 0.011684 0.025868
2 0.962887 0.775357 0.015808 0.049013
8 0.724055 0.655548 0.076976 0.023145
2 0.557216 0.799183 0.022337 0.049013
2 0.550344 0.682437 0.028522 0.046971
2 0.516323 0.974132 0.027148 0.051736
2 0.631959 0.565351 0.017182 0.074200
8 0.553780 0.539823 0.013402 0.024506
2 0.792440 0.433628 0.019931 0.066712
2 0.910653 0.317903 0.021306 0.046290
2 0.945704 0.381552 0.021306 0.046971
2 0.987285 0.308713 0.019931 0.041525
2 0.725430 0.383594 0.029553 0.068754
2 0.711856 0.323009 0.025773 0.075562
2 0.601546 0.374064 0.020962 0.048332
2 0.744063 0.085432 0.023368 0.066031
2 0.894674 0.021443 0.014089 0.041525
8 0.877663 0.023826 0.012371 0.028591
2 0.654467 0.042206 0.039519 0.031314
2 0.604811 0.089176 0.024055 0.059905
8 0.403436 0.846154 0.025430 0.057182
2 0.057388 0.769571 0.035052 0.066031
2 0.010309 0.783526 0.019931 0.024506
2 0.439347 0.684479 0.016151 0.066031
2 0.377491 0.664398 0.014777 0.070796
2 0.318041 0.590197 0.035395 0.044929
8 0.338488 0.548332 0.007560 0.017018
8 0.395361 0.430225 0.013402 0.023145
2 0.453952 0.430225 0.041237 0.031314
2 0.259107 0.319946 0.026804 0.068074
2 0.039175 0.292716 0.022680 0.059905
2 0.464089 0.067733 0.021649 0.057862