3 0.102083 0.119126 0.022917 0.061202
3 0.138281 0.188525 0.020313 0.064481
3 0.164062 0.287432 0.025000 0.056831
3 0.186458 0.344809 0.022917 0.057923
3 0.163021 0.368852 0.026042 0.062295
3 0.138542 0.433333 0.028125 0.042623
3 0.118490 0.434426 0.016146 0.068852
3 0.238542 0.173224 0.027083 0.051366
3 0.265625 0.152459 0.033333 0.044809
3 0.387240 0.113115 0.032813 0.049180
3 0.366406 0.231694 0.016146 0.069945
3 0.208333 0.509290 0.018750 0.069945
3 0.239844 0.595628 0.030729 0.039344
3 0.242708 0.751366 0.020833 0.071038
3 0.182031 0.694536 0.017187 0.057923
3 0.145573 0.703825 0.022396 0.080874
3 0.118750 0.661202 0.023958 0.076503
3 0.552865 0.208743 0.023438 0.056831
3 0.564063 0.294536 0.031250 0.051366
3 0.549740 0.348087 0.032812 0.038251
3 0.598177 0.474863 0.034896 0.046995
3 0.517448 0.815847 0.020312 0.042623
3 0.610677 0.800546 0.024479 0.064481
3 0.643229 0.824590 0.023958 0.071038
3 0.678646 0.148087 0.016667 0.066667
3 0.702344 0.124590 0.016146 0.050273
3 0.801488 0.082748 0.027976 0.056207
3 0.830208 0.126230 0.031250 0.038251
3 0.877604 0.114208 0.022917 0.053552
3 0.722656 0.239344 0.020312 0.072131
3 0.735417 0.363934 0.019792 0.063388
3 0.824740 0.278142 0.019271 0.055738
3 0.824219 0.489071 0.027604 0.055738
3 0.816406 0.546995 0.033854 0.042623
8 0.855729 0.366667 0.029167 0.022951
8 0.422656 0.884153 0.009896 0.144262
3 0.801823 0.738798 0.028646 0.048087
3 0.273698 0.268306 0.020312 0.068852
3 0.358073 0.367760 0.034896 0.040437
3 0.334375 0.368852 0.030208 0.060109
3 0.299479 0.249180 0.030208 0.037158