2 0.855842 0.837985 0.019588 0.078965
2 0.675258 0.726685 0.032302 0.046971
2 0.550859 0.716133 0.020619 0.058543
2 0.527663 0.806671 0.031271 0.040844
2 0.972509 0.517699 0.014433 0.041525
2 0.513918 0.445201 0.015464 0.032675
2 0.666667 0.115044 0.016495 0.062628
2 0.767698 0.028931 0.026117 0.056501
8 0.602921 0.034037 0.014089 0.066712
2 0.462887 0.871341 0.013058 0.065351
2 0.343127 0.717835 0.017526 0.072839
2 0.200172 0.918993 0.013402 0.044929
2 0.341924 0.573860 0.031615 0.035398
2 0.324055 0.381212 0.031615 0.069435
8 0.458591 0.329476 0.012715 0.021784
8 0.260481 0.340368 0.068041 0.087134
2 0.225086 0.412185 0.030241 0.060585
2 0.148625 0.296801 0.019588 0.073519
2 0.111856 0.260381 0.020962 0.055140
2 0.079725 0.294758 0.015120 0.073519
2 0.044674 0.323009 0.019931 0.053778
2 0.054296 0.445882 0.015120 0.053097
2 0.340893 0.206943 0.017869 0.083050
2 0.451718 0.074200 0.031271 0.066712
2 0.156529 0.026549 0.023024 0.051736