0 0.176289 0.018380 0.032302 0.036760
0 0.143299 0.139891 0.017182 0.078285
0 0.168213 0.213751 0.016151 0.077604
0 0.031787 0.159973 0.029210 0.065351
0 0.431271 0.136147 0.032302 0.027229
0 0.342784 0.377468 0.016151 0.083730
0 0.024570 0.400272 0.024399 0.039483
0 0.112027 0.579986 0.029553 0.055820
0 0.092096 0.630701 0.015120 0.079646
0 0.295704 0.553778 0.017526 0.086453
0 0.435739 0.411504 0.028866 0.057862
0 0.012715 0.078965 0.025430 0.061266
0 0.224570 0.635126 0.034708 0.031314
0 0.230412 0.724643 0.039519 0.036079
0 0.279210 0.743703 0.039519 0.056501
0 0.458076 0.761062 0.039863 0.034037
0 0.252921 0.818244 0.028866 0.063989
0 0.056357 0.882573 0.017182 0.074200
0 0.128522 0.885636 0.041237 0.038121
0 0.312715 0.926140 0.019931 0.067393
0 0.488660 0.917971 0.044674 0.041525
0 0.490550 0.693329 0.018900 0.052417
0 0.835223 0.077263 0.023711 0.072839
0 0.745361 0.094622 0.035052 0.032675
0 0.919759 0.341048 0.016838 0.063989
0 0.951718 0.190946 0.026460 0.030633
0 0.968041 0.303948 0.032302 0.036079
0 0.527835 0.461879 0.030241 0.031995
0 0.532646 0.429544 0.026117 0.025868
0 0.595704 0.484003 0.018900 0.076242
0 0.668557 0.477195 0.029210 0.032675
0 0.707045 0.470388 0.023711 0.042206
0 0.736082 0.532335 0.015808 0.076242
0 0.658763 0.577263 0.017182 0.065351
0 0.619244 0.580327 0.041237 0.036079
0 0.813918 0.551736 0.041581 0.056501
0 0.717869 0.654187 0.017869 0.070796
0 0.701718 0.684479 0.017182 0.042886
0 0.637973 0.638189 0.029210 0.061947
0 0.750172 0.680054 0.038488 0.036760
0 0.776632 0.630701 0.021306 0.066031
0 0.825773 0.603131 0.016495 0.085773
0 0.780412 0.752553 0.039175 0.063308
0 0.693986 0.780123 0.018213 0.080327
0 0.675773 0.827093 0.029210 0.043567
0 0.706529 0.835262 0.026117 0.070796
0 0.738832 0.831178 0.016495 0.053097
0 0.779553 0.859428 0.017526 0.079646
0 0.781100 0.937032 0.019244 0.063308
0 0.856014 0.953710 0.021306 0.039483
0 0.836068 0.717381 0.040886 0.027047
0 0.840556 0.741753 0.034837 0.022736