8 0.703385 0.268852 0.011979 0.124590
3 0.814062 0.842077 0.021875 0.053552
3 0.787760 0.799454 0.024479 0.062295
3 0.814063 0.792350 0.026042 0.056831
3 0.882552 0.629508 0.033854 0.030601
3 0.661719 0.697814 0.020312 0.077596
3 0.667402 0.582214 0.028554 0.064015
3 0.657292 0.735519 0.004167 0.004372
3 0.901563 0.169945 0.025000 0.040437
3 0.915365 0.132787 0.026563 0.066667
3 0.678125 0.171038 0.019792 0.051366
3 0.660156 0.118033 0.017187 0.050273
3 0.620833 0.125137 0.030208 0.040437
3 0.644639 0.145475 0.019487 0.074966
3 0.605208 0.177049 0.023958 0.039344
3 0.584635 0.212568 0.016146 0.036066
3 0.605469 0.594536 0.021354 0.056831
3 0.747917 0.449180 0.023958 0.056831
3 0.902344 0.443716 0.027604 0.069945
3 0.882552 0.630055 0.032813 0.029508
3 0.422917 0.831148 0.034375 0.038251
3 0.339844 0.702732 0.034896 0.043716
3 0.150000 0.847541 0.032292 0.042623
3 0.141667 0.529508 0.037500 0.033880
3 0.160677 0.397814 0.018229 0.069945
3 0.172917 0.421311 0.016667 0.057923
3 0.376302 0.616940 0.028646 0.044809
3 0.390167 0.593551 0.017834 0.076719
3 0.364844 0.554098 0.016146 0.067760
3 0.432292 0.512022 0.021875 0.060109
3 0.430469 0.393443 0.035938 0.039344
3 0.326823 0.412568 0.027604 0.040437
3 0.420833 0.330055 0.015625 0.078689
3 0.389323 0.249727 0.015104 0.020765
3 0.341927 0.228415 0.024479 0.045902
3 0.284375 0.159016 0.026042 0.057923
3 0.234635 0.185246 0.031771 0.038251
3 0.183333 0.225683 0.015625 0.064481
3 0.123958 0.237158 0.021875 0.054645
3 0.276302 0.137158 0.008854 0.014208
3 0.386198 0.196175 0.032813 0.029508
3 0.357292 0.178689 0.025000 0.046995
8 0.768750 0.266667 0.023958 0.059016