2 0.820447 0.965283 0.035395 0.032675
2 0.764433 0.993193 0.013402 0.013615
2 0.717182 0.898570 0.015120 0.062628
2 0.760309 0.721920 0.037457 0.046971
8 0.596907 0.962560 0.015808 0.074881
2 0.537457 0.973451 0.033677 0.042206
2 0.500515 0.859088 0.037457 0.070796
2 0.598969 0.638189 0.012371 0.031995
2 0.554124 0.657250 0.028522 0.064670
2 0.665808 0.295779 0.026460 0.041525
8 0.632990 0.469707 0.009622 0.017699
8 0.531615 0.594963 0.010309 0.020422
8 0.845361 0.309394 0.008935 0.019741
8 0.971134 0.256297 0.010997 0.019741
2 0.849141 0.109598 0.017182 0.074881
2 0.714777 0.057522 0.028179 0.056501
2 0.630241 0.108577 0.028179 0.067393
2 0.512371 0.337304 0.015808 0.057862
2 0.154639 0.991150 0.013058 0.017699
8 0.303265 0.945541 0.015464 0.027229
2 0.407216 0.542206 0.028866 0.061947
2 0.151890 0.612662 0.021306 0.076242
2 0.098797 0.701498 0.020275 0.070116
2 0.055498 0.885636 0.023711 0.065351
2 0.350172 0.335602 0.017869 0.061266
2 0.420103 0.341048 0.019588 0.038121
2 0.342784 0.147379 0.013402 0.045609
2 0.310653 0.022464 0.044674 0.043567
2 0.326632 0.009530 0.029897 0.017699
2 0.221478 0.326072 0.018213 0.054459
2 0.087285 0.268890 0.025430 0.053097
2 0.039003 0.381892 0.027148 0.024506
2 0.025258 0.064329 0.027148 0.072839