3 0.896615 0.837158 0.017188 0.069945
3 0.749219 0.803825 0.021354 0.064481
3 0.717187 0.828415 0.017708 0.050273
3 0.626042 0.780874 0.025000 0.053552
3 0.779167 0.676503 0.015625 0.045902
3 0.787240 0.545355 0.031771 0.052459
3 0.655990 0.592350 0.033854 0.048087
3 0.577083 0.439344 0.016667 0.041530
3 0.598698 0.448087 0.018229 0.061202
3 0.695312 0.438251 0.030208 0.039344
3 0.840625 0.324590 0.034375 0.034973
3 0.804688 0.333880 0.019792 0.055738
3 0.769271 0.303279 0.026042 0.053552
3 0.819271 0.179235 0.020833 0.063388
3 0.909896 0.112022 0.029167 0.033880
3 0.933854 0.126776 0.019792 0.052459
3 0.476562 0.101639 0.019792 0.067760
3 0.446929 0.272293 0.024066 0.065249
3 0.419010 0.356284 0.018229 0.067760
3 0.421875 0.462295 0.030208 0.030601
3 0.391406 0.538251 0.015104 0.086339
3 0.408854 0.577596 0.017708 0.066667
3 0.413281 0.700000 0.029687 0.049180
3 0.471875 0.883607 0.019792 0.044809
3 0.358854 0.809290 0.020833 0.055738
3 0.338281 0.668306 0.031771 0.044809
3 0.334635 0.383060 0.019271 0.064481
3 0.279948 0.350273 0.023438 0.057923
3 0.216667 0.300000 0.021875 0.055738
3 0.196094 0.379781 0.016146 0.042623
3 0.216146 0.192350 0.030208 0.039344
3 0.161719 0.103825 0.031771 0.059016
3 0.084115 0.622404 0.014063 0.064481
3 0.181153 0.636326 0.033527 0.038082
3 0.166146 0.798361 0.030208 0.051366
3 0.100521 0.795082 0.021875 0.046995
3 0.186198 0.854098 0.027604 0.051366
8 0.832589 0.710148 0.074405 0.226854
8 0.659896 0.108743 0.013542 0.079781
8 0.701042 0.066120 0.008333 0.014208
8 0.918229 0.938798 0.051042 0.089617
8 0.919271 0.815301 0.014583 0.111475
8 0.752604 0.281421 0.014583 0.027322