3 0.345704 0.080667 0.031615 0.048332
6 0.451031 0.093941 0.011340 0.043567
6 0.394845 0.219877 0.026804 0.074881
2 0.241065 0.086453 0.014777 0.068074
8 0.267698 0.164057 0.030241 0.051736
6 0.198110 0.258679 0.009966 0.068074
1 0.164605 0.103131 0.017869 0.031995
1 0.042955 0.269912 0.027491 0.089176
8 0.212715 0.316201 0.021993 0.033356
6 0.228694 0.417631 0.011340 0.067393
3 0.297766 0.248128 0.021649 0.060585
8 0.472852 0.422396 0.102405 0.037440
6 0.461340 0.364193 0.018213 0.066712
6 0.481100 0.387679 0.025430 0.048332
8 0.271478 0.439074 0.026804 0.047651
8 0.220619 0.515657 0.039175 0.052417
6 0.125258 0.461538 0.009278 0.049013
6 0.207388 0.560245 0.024399 0.046290
2 0.364433 0.552076 0.018900 0.055820
1 0.464777 0.518720 0.035395 0.044929
6 0.427320 0.500000 0.011340 0.081007
0 0.156014 0.659973 0.019931 0.059224
6 0.056873 0.674609 0.025086 0.072158
0 0.261168 0.668822 0.034364 0.052417
2 0.194845 0.712049 0.023368 0.065351
6 0.230756 0.639891 0.023024 0.016338
6 0.204124 0.789653 0.034364 0.021784
6 0.338144 0.777059 0.015808 0.063308
6 0.456529 0.795099 0.027835 0.078965
1 0.236770 0.821988 0.049485 0.070116
6 0.153608 0.830157 0.012371 0.061947
8 0.137285 0.936011 0.029897 0.126617
6 0.037457 0.904016 0.012371 0.069435
6 0.425945 0.887679 0.012027 0.074881
1 0.479381 0.869639 0.022680 0.061947
1 0.731100 0.080327 0.048454 0.039483
6 0.629725 0.228387 0.025773 0.078285
6 0.614777 0.296120 0.020619 0.051736
6 0.546564 0.170865 0.014777 0.068074
6 0.553436 0.299523 0.020275 0.031314
6 0.752062 0.110619 0.014777 0.056501
2 0.541237 0.335943 0.017182 0.066031
2 0.873883 0.226344 0.035052 0.030633
6 0.934021 0.137168 0.035052 0.041525
6 0.918952 0.214432 0.022577 0.050374
6 0.902405 0.323009 0.025430 0.082369
6 0.883849 0.311777 0.033677 0.027229
6 0.843471 0.382573 0.011340 0.073519
8 0.860825 0.388359 0.021306 0.029272
1 0.981615 0.420014 0.025773 0.092580
0 0.898282 0.492172 0.015808 0.078965
6 0.951375 0.559224 0.025773 0.068754
6 0.677663 0.607897 0.012371 0.076242
1 0.550687 0.708645 0.036082 0.051736
6 0.679553 0.711709 0.038832 0.081007
6 0.631271 0.764491 0.019244 0.072210
6 0.956357 0.692308 0.034364 0.035398
6 0.910997 0.779442 0.010309 0.053097
3 0.991065 0.629340 0.017182 0.056501
2 0.777148 0.925119 0.019588 0.050374
1 0.751375 0.940776 0.040206 0.028591
0 0.878791 0.127956 0.020401 0.071967
6 0.894177 0.109427 0.017284 0.054243
8 0.682646 0.051396 0.032646 0.038802
8 0.724914 0.775698 0.016151 0.060585
8 0.305842 0.896188 0.027491 0.027910
8 0.068732 0.289486 0.046743 0.056835
8 0.087973 0.965283 0.045361 0.049013
8 0.471821 0.566031 0.017869 0.044248
8 0.171649 0.698094 0.015464 0.029272