8 0.782131 0.868958 0.048110 0.076923
8 0.696907 0.574881 0.133333 0.042886
8 0.786082 0.610960 0.036770 0.071477
8 0.934364 0.558203 0.083162 0.054459
8 0.797079 0.060245 0.016838 0.119129
8 0.606529 0.221920 0.021306 0.043567
8 0.407904 0.932948 0.026804 0.134105
8 0.361856 0.803268 0.026804 0.049013
8 0.404296 0.908101 0.007904 0.036760
8 0.222852 0.671205 0.128179 0.155208
8 0.156116 0.615563 0.019594 0.133806
8 0.153271 0.687543 0.096171 0.122908
8 0.162190 0.752454 0.086088 0.111386
8 0.234318 0.754759 0.010858 0.060686
8 0.023681 0.699930 0.046674 0.075474
8 0.143643 0.485024 0.059794 0.015657
8 0.099828 0.418312 0.062199 0.019741
8 0.118213 0.445201 0.024055 0.025868
8 0.394502 0.461879 0.019931 0.042886
8 0.371478 0.387338 0.013746 0.035398
8 0.459966 0.487066 0.035395 0.051055
8 0.279038 0.324030 0.021306 0.020422
8 0.204983 0.159973 0.153608 0.053097
8 0.071134 0.254595 0.052921 0.061266
8 0.072680 0.188904 0.015464 0.017018
8 0.285911 0.042546 0.010309 0.083730
8 0.472165 0.128659 0.033677 0.069435
8 0.192096 0.015997 0.012371 0.030633
8 0.006357 0.029272 0.012027 0.029952
8 0.569123 0.903861 0.074396 0.192277
1 0.895533 0.930565 0.010309 0.021784
1 0.720275 0.461198 0.024742 0.049694
1 0.873196 0.490470 0.015808 0.040163
1 0.882990 0.172226 0.012715 0.054459
1 0.900344 0.142954 0.021306 0.031314
1 0.773540 0.211709 0.012371 0.043567
1 0.749313 0.263104 0.012027 0.023826
1 0.749485 0.192308 0.019931 0.026549
1 0.698454 0.150102 0.031959 0.044248
1 0.667010 0.164057 0.013746 0.019061
1 0.600172 0.117767 0.019588 0.038121
1 0.445189 0.187883 0.021649 0.038121
1 0.425086 0.282165 0.012371 0.037440
1 0.427663 0.728387 0.014089 0.021784
1 0.362715 0.945201 0.011340 0.031995
1 0.312371 0.770933 0.009622 0.037440
1 0.225430 0.861811 0.026117 0.024506
1 0.085052 0.852621 0.016151 0.022464
1 0.187457 0.330157 0.016838 0.024506
1 0.147938 0.313138 0.014089 0.017699
1 0.103952 0.065010 0.020962 0.029272
1 0.332990 0.039483 0.015120 0.036760
1 0.003436 0.526549 0.006186 0.022464
8 0.585943 0.976886 0.019410 0.046229
1 0.563890 0.913527 0.009742 0.016756