8 0.861198 0.908197 0.028646 0.111475
2 0.861719 0.907650 0.027604 0.108197
2 0.638542 0.761202 0.053125 0.055738
2 0.819271 0.337705 0.063542 0.093989
2 0.792708 0.180328 0.031250 0.089617
2 0.499219 0.071585 0.065104 0.060109
2 0.216406 0.221311 0.033854 0.106011
2 0.301042 0.401093 0.022917 0.155191
2 0.383594 0.618033 0.041146 0.090710
2 0.414062 0.953552 0.057292 0.064481
2 0.098437 0.925683 0.067708 0.043716
8 0.824219 0.122951 0.096354 0.243716
8 0.740365 0.099454 0.023438 0.098361
2 0.861458 0.908197 0.027083 0.109290