8 0.431166 0.955659 0.014358 0.086994
3 0.368666 0.762247 0.031250 0.036317
8 0.366132 0.861065 0.068413 0.071790
3 0.359797 0.625844 0.027027 0.047297
3 0.136824 0.173987 0.016892 0.064189
3 0.236064 0.627534 0.029561 0.037163
3 0.815878 0.828970 0.033784 0.039696
3 0.699324 0.228885 0.023648 0.057432
3 0.692990 0.950169 0.031250 0.032094
8 0.446791 0.814612 0.025338 0.105575
3 0.886402 0.692146 0.016047 0.063345
3 0.820101 0.877112 0.016892 0.061656
3 0.890203 0.534206 0.021959 0.051521
3 0.816301 0.299409 0.021115 0.051521
3 0.585726 0.622466 0.027871 0.040541
8 0.778294 0.628378 0.049831 0.062501
3 0.756757 0.730152 0.032095 0.031250
3 0.818412 0.643159 0.027027 0.046453
3 0.846284 0.820524 0.016892 0.063344
3 0.702703 0.692990 0.015203 0.061656
8 0.742821 0.334460 0.014358 0.028716
3 0.716639 0.470861 0.027872 0.026182
3 0.132601 0.425676 0.033784 0.038852
3 0.397804 0.733108 0.025338 0.043920
3 0.277449 0.574324 0.026182 0.038852
3 0.899493 0.619932 0.016892 0.057433
3 0.432433 0.186656 0.028716 0.040541
3 0.931165 0.756334 0.016047 0.054899
3 0.774916 0.789274 0.026182 0.049832
3 0.094595 0.778716 0.030406 0.033784
3 0.737753 0.293497 0.034629 0.031250
3 0.922720 0.259713 0.031250 0.049832
8 0.825591 0.758024 0.017736 0.049832
3 0.719172 0.888091 0.024493 0.049831
3 0.583192 0.926943 0.027871 0.049831
8 0.827280 0.153294 0.024493 0.051521
8 0.903716 0.347973 0.057432 0.033783
3 0.673986 0.562500 0.032095 0.038852
3 0.774493 0.019110 0.016892 0.036104
3 0.108530 0.624156 0.034629 0.035473
3 0.622889 0.224662 0.027872 0.030405
3 0.774916 0.885135 0.027872 0.033784
3 0.563345 0.259713 0.023648 0.054898
3 0.059544 0.044763 0.026182 0.048987
8 0.780405 0.561233 0.011824 0.032939
8 0.341216 0.418919 0.040541 0.018581
3 0.148649 0.774493 0.030406 0.033784
3 0.804476 0.345017 0.024493 0.059966
8 0.645270 0.783361 0.077703 0.021114
3 0.349240 0.204814 0.029561 0.034629
8 0.762669 0.277449 0.010135 0.021114
3 0.201858 0.584037 0.016892 0.073479
3 0.684122 0.499578 0.035473 0.038006
3 0.927787 0.058699 0.022804 0.061655
3 0.591639 0.051521 0.019426 0.072635
3 0.875845 0.472129 0.032094 0.030405
3 0.815034 0.585304 0.021959 0.060811
3 0.072635 0.453125 0.032094 0.032940
3 0.374155 0.710726 0.016892 0.056587
8 0.120777 0.786317 0.020270 0.138514
3 0.581081 0.866976 0.025338 0.029561
3 0.934544 0.381334 0.027871 0.058277
3 0.887669 0.133024 0.021959 0.053210
3 0.572213 0.475506 0.019426 0.064189
3 0.618666 0.270693 0.027872 0.046452
3 0.933277 0.125844 0.020270 0.047297
3 0.543919 0.459881 0.015203 0.073479
3 0.968750 0.052787 0.028717 0.043074
3 0.039696 0.850506 0.030405 0.030405
8 0.598395 0.771537 0.147804 0.173142
3 0.166808 0.898226 0.021115 0.070102
3 0.309122 0.529139 0.025338 0.058277
3 0.798986 0.123311 0.027027 0.045608
3 0.400760 0.621199 0.029561 0.044763
3 0.948480 0.886824 0.028716 0.025338
3 0.255067 0.646537 0.023648 0.041385
3 0.702703 0.922297 0.028716 0.027026
3 0.649493 0.194257 0.013514 0.062501
3 0.891470 0.189189 0.017736 0.060811
3 0.762247 0.570102 0.014358 0.069257
3 0.105574 0.225507 0.020270 0.060811
3 0.380068 0.662162 0.030405 0.035473
8 0.936233 0.314611 0.119088 0.043074
3 0.399071 0.213682 0.019426 0.077703
3 0.198902 0.065878 0.021115 0.059122
3 0.420608 0.839949 0.015203 0.070102
3 0.464949 0.847973 0.016047 0.074325
8 0.467483 0.956504 0.016047 0.036317
3 0.214527 0.793074 0.010135 0.037162
3 0.649916 0.193834 0.014358 0.061656
3 0.826014 0.758446 0.018581 0.050676
3 0.096284 0.524915 0.028716 0.038006
3 0.846706 0.820101 0.014358 0.064189
3 0.309544 0.529561 0.024493 0.059122
3 0.380490 0.661317 0.031250 0.035473
3 0.072213 0.111909 0.019426 0.058277
8 0.220439 0.597551 0.010135 0.027872
3 0.286740 0.828125 0.021115 0.053210
8 0.960156 0.925926 0.016146 0.048677
3 0.950654 0.866421 0.023802 0.015924
3 0.952832 0.846369 0.031059 0.041873
3 0.759077 0.814523 0.030768 0.035975
8 0.487530 0.617250 0.086210 0.132105
8 0.454004 0.645853 0.024963 0.050128
8 0.469534 0.538519 0.128009 0.116182
3 0.443990 0.671803 0.017126 0.071360
3 0.445006 0.502543 0.020319 0.066642
3 0.455310 0.444158 0.033961 0.032437
3 0.421639 0.394914 0.015965 0.057796
3 0.446602 0.339182 0.019448 0.067822
3 0.307854 0.433248 0.015384 0.068411
3 0.426284 0.272835 0.027576 0.062514
3 0.402191 0.292297 0.018868 0.066052
3 0.559265 0.389493 0.030799 0.035013
3 0.601454 0.493515 0.023020 0.060352
3 0.612339 0.710237 0.028345 0.041950
3 0.608664 0.682151 0.032895 0.048349
3 0.953550 0.589312 0.038099 0.034810
3 0.926573 0.576063 0.025059 0.060267
3 0.942427 0.541514 0.021479 0.058707
3 0.957002 0.539415 0.024547 0.060826
3 0.965057 0.516576 0.026337 0.055590
3 0.954573 0.458933 0.016109 0.060734
8 0.737282 0.453996 0.031632 0.024720
8 0.915896 0.290304 0.032833 0.033129
3 0.907683 0.158378 0.020237 0.059429
3 0.912680 0.114486 0.034228 0.039596
3 0.861463 0.127430 0.031230 0.050255
3 0.857465 0.175740 0.020237 0.070392
3 0.811619 0.091388 0.038476 0.042133
3 0.730296 0.151797 0.021736 0.069545
3 0.705562 0.141898 0.029231 0.036549
3 0.627112 0.173878 0.022735 0.047716
3 0.620991 0.112202 0.021486 0.074621
3 0.033468 0.932767 0.022246 0.067001
3 0.021037 0.917898 0.021461 0.071216
3 0.192853 0.879059 0.023816 0.049985
3 0.214183 0.911762 0.037687 0.037756
3 0.278565 0.767390 0.026695 0.060620
3 0.302382 0.727774 0.023031 0.069660
3 0.294399 0.775101 0.029574 0.042008
8 0.260115 0.768454 0.014918 0.128686
3 0.332628 0.625759 0.027581 0.047115
3 0.310202 0.599562 0.022426 0.070180
3 0.451588 0.588563 0.028870 0.040852
8 0.433142 0.103014 0.154894 0.164588
8 0.458054 0.306167 0.069821 0.339507
3 0.354508 0.330270 0.027454 0.054404
3 0.356203 0.161549 0.020675 0.040631
3 0.337562 0.168780 0.025420 0.056470
3 0.356881 0.106801 0.017286 0.060601
8 0.327563 0.177594 0.041350 0.161424
3 0.323496 0.079254 0.016269 0.066111
3 0.304685 0.105079 0.024742 0.058535
3 0.279434 0.142129 0.033894 0.040906
3 0.250455 0.156384 0.031521 0.050961
3 0.224696 0.190817 0.017964 0.074375
8 0.256725 0.404301 0.029827 0.353969
3 0.190463 0.140546 0.027454 0.057847
8 0.174702 0.126083 0.017624 0.128090
8 0.175719 0.233858 0.116594 0.263754
3 0.153688 0.309266 0.015591 0.068866
3 0.109627 0.174289 0.023048 0.068867
3 0.123692 0.297214 0.020675 0.068177
3 0.063870 0.161550 0.026437 0.050272
8 0.130302 0.210788 0.027115 0.304386
8 0.102848 0.105768 0.032538 0.116383