8 0.209635 0.291257 0.033854 0.180328
8 0.816471 0.224656 0.038934 0.324459
8 0.763542 0.269945 0.043750 0.030601
8 0.141406 0.168306 0.072396 0.028415
3 0.069010 0.153552 0.010938 0.062295
3 0.089583 0.182514 0.025000 0.067760
3 0.132292 0.133880 0.041667 0.022951
3 0.320312 0.149180 0.036458 0.038251
3 0.272396 0.276503 0.028125 0.034973
3 0.322135 0.342623 0.031771 0.020765
3 0.294531 0.426230 0.015104 0.069945
3 0.254427 0.526776 0.013021 0.050273
3 0.170313 0.345355 0.033333 0.034973
3 0.082292 0.602186 0.029167 0.048087
3 0.124219 0.572131 0.018229 0.062295
3 0.203646 0.561202 0.038542 0.049180
3 0.377604 0.674317 0.019792 0.059016
3 0.427344 0.702732 0.028646 0.034973
3 0.354948 0.750820 0.015104 0.063388
3 0.301823 0.804918 0.027604 0.033880
3 0.571615 0.833880 0.031771 0.048087
3 0.109115 0.811475 0.023438 0.081967
3 0.188281 0.795082 0.026563 0.064481
3 0.189063 0.840437 0.032292 0.026230
3 0.254167 0.812022 0.027083 0.048087
3 0.332552 0.851366 0.018229 0.052459
3 0.358594 0.853552 0.035938 0.037158
3 0.839844 0.812568 0.033854 0.046995
3 0.590365 0.521858 0.014062 0.073224
3 0.618229 0.422404 0.029167 0.051366
3 0.655990 0.410929 0.031771 0.050273
3 0.663542 0.120765 0.026042 0.053552
3 0.903385 0.332787 0.024479 0.025137
3 0.573698 0.477596 0.019271 0.056831
3 0.861719 0.128962 0.015104 0.063388
3 0.846094 0.145355 0.016146 0.069945
3 0.831510 0.160109 0.015104 0.066667
3 0.814062 0.144809 0.019792 0.071038
8 0.575781 0.442077 0.047396 0.055738
3 0.597656 0.816393 0.028646 0.059016