1 0.267526 0.062968 0.031271 0.029272
1 0.331100 0.174949 0.014089 0.034037
1 0.463918 0.460517 0.039863 0.042886
1 0.170619 0.430565 0.026460 0.031995
1 0.249828 0.528591 0.019244 0.042886
1 0.420599 0.491078 0.015434 0.019845
1 0.395876 0.654187 0.021993 0.032675
1 0.527835 0.689585 0.020619 0.063989
1 0.542784 0.420354 0.018213 0.029272
1 0.556529 0.653882 0.029210 0.037369
8 0.535223 0.564329 0.017526 0.160654
8 0.547938 0.517699 0.079381 0.127297
1 0.562869 0.679852 0.010344 0.023551
1 0.553241 0.794418 0.016542 0.038121
1 0.465808 0.789653 0.021649 0.027229
8 0.696564 0.658952 0.069416 0.050374
1 0.692096 0.878148 0.015808 0.062628
1 0.785484 0.869682 0.028304 0.031908
8 0.813402 0.877808 0.021993 0.014295
1 0.788940 0.963681 0.008394 0.020382
1 0.853780 0.819946 0.011340 0.022464
1 0.927715 0.867673 0.012998 0.034327
1 0.854639 0.509465 0.014433 0.033486
1 0.218557 0.931246 0.019931 0.035398
8 0.113392 0.276233 0.030928 0.028591