1 0.911168 0.905378 0.024399 0.029952
1 0.598797 0.793737 0.017526 0.043567
1 0.960653 0.709326 0.038144 0.057182
1 0.964794 0.352961 0.027183 0.068754
1 0.961099 0.794826 0.017869 0.021784
1 0.912199 0.767869 0.007904 0.031314
1 0.970790 0.614704 0.009622 0.019061
1 0.836082 0.361811 0.008935 0.017018
1 0.660309 0.253233 0.009966 0.019061
1 0.592440 0.156569 0.013746 0.046290
1 0.605326 0.117086 0.012715 0.036760
1 0.371306 0.720558 0.016151 0.055140
1 0.299313 0.816542 0.012371 0.033356
1 0.207388 0.913547 0.014777 0.034037
1 0.423711 0.685160 0.012371 0.027910
1 0.253608 0.477876 0.021993 0.039483
1 0.205326 0.560585 0.010653 0.017018
1 0.433333 0.322668 0.022680 0.039483
1 0.350000 0.143635 0.012715 0.027229
1 0.465636 0.125255 0.009622 0.017699
8 0.836182 0.951843 0.012264 0.096313
8 0.862713 0.941617 0.134409 0.066935
8 0.814281 0.892283 0.026031 0.047598
8 0.888750 0.769394 0.010893 0.053464
8 0.875824 0.829139 0.029916 0.136882
8 0.697126 0.857490 0.095289 0.061982
8 0.639899 0.813002 0.033468 0.093261
8 0.610495 0.948852 0.020579 0.025126
8 0.914320 0.489905 0.072502 0.201511
8 0.870425 0.698633 0.037457 0.074881
8 0.774227 0.628999 0.028179 0.103472
8 0.719244 0.681756 0.015120 0.025187
8 0.826976 0.500681 0.032646 0.031995
8 0.571821 0.374745 0.014433 0.038802
8 0.826289 0.260381 0.075258 0.100068
8 0.967869 0.412526 0.022337 0.035398
8 0.987629 0.254935 0.017869 0.018380
8 0.913574 0.176310 0.018213 0.036760
8 0.974914 0.071477 0.025430 0.023145
8 0.923711 0.091899 0.007560 0.029952
8 0.681787 0.173587 0.015808 0.110279
8 0.561168 0.152485 0.028866 0.077604
8 0.119072 0.805990 0.047766 0.035398
8 0.152921 0.787951 0.010309 0.076923
8 0.300000 0.562968 0.075601 0.069435
8 0.240034 0.558884 0.094502 0.130701
8 0.136426 0.610960 0.022680 0.041525
8 0.348454 0.310075 0.015808 0.121852
8 0.418213 0.349558 0.027491 0.124575
8 0.465808 0.470048 0.019588 0.089176
8 0.399485 0.091559 0.034021 0.023826
8 0.315120 0.121511 0.025430 0.038802
8 0.249313 0.077944 0.031271 0.017018
8 0.294674 0.075562 0.031271 0.020422
8 0.072337 0.381892 0.044330 0.053097
8 0.074742 0.089517 0.126117 0.177672
8 0.476976 0.905378 0.012371 0.111641