8 0.789696 0.702281 0.013514 0.036317
8 0.639780 0.977083 0.027871 0.043693
8 0.333615 0.535895 0.040540 0.036317
3 0.739442 0.885558 0.029561 0.051520
3 0.616132 0.097973 0.029560 0.025338
3 0.093750 0.069256 0.032095 0.030406
3 0.847973 0.862754 0.030405 0.049831
8 0.135135 0.608108 0.065879 0.032094
8 0.310389 0.013513 0.012669 0.025337
3 0.172720 0.140203 0.031250 0.042230
3 0.138091 0.346284 0.029561 0.027028
3 0.119088 0.171031 0.033784 0.034628
8 0.562078 0.180321 0.022804 0.065034
3 0.795608 0.489443 0.018581 0.044763
3 0.243666 0.507602 0.031250 0.043919
8 0.733744 0.772822 0.017736 0.076858
8 0.192567 0.276182 0.011824 0.067567
3 0.097973 0.882179 0.025337 0.029561
3 0.371622 0.437500 0.025338 0.055743
3 0.288851 0.748311 0.015203 0.062500
3 0.903716 0.423564 0.028716 0.048141
3 0.833615 0.273226 0.020270 0.053209
3 0.415541 0.915541 0.030405 0.057433
3 0.817572 0.820101 0.028726 0.040541
3 0.758446 0.137669 0.020270 0.054054
3 0.590794 0.680743 0.026182 0.057433
3 0.917652 0.341216 0.027872 0.043919
3 0.718750 0.185811 0.033783 0.042230
3 0.225929 0.263936 0.032939 0.044764
3 0.273649 0.189189 0.028716 0.037162
3 0.612753 0.644426 0.016047 0.064190
3 0.296875 0.622466 0.026182 0.040541
3 0.797720 0.337415 0.024493 0.041385
3 0.791807 0.631757 0.014358 0.067567
3 0.373733 0.114020 0.014358 0.074324
3 0.330236 0.733108 0.016892 0.065878
3 0.934122 0.737753 0.035473 0.036318
3 0.905405 0.642314 0.032094 0.039696
3 0.429899 0.177365 0.030406 0.048986
3 0.843750 0.124156 0.020270 0.062500
3 0.147804 0.660050 0.027027 0.039696
3 0.691723 0.837416 0.032095 0.032939
3 0.059544 0.804054 0.027871 0.059121
3 0.101774 0.367399 0.021115 0.048986
3 0.065878 0.683277 0.020270 0.062500
3 0.548142 0.353463 0.016892 0.068412
3 0.113598 0.518159 0.029560 0.034628
3 0.777449 0.847973 0.029561 0.052365
3 0.790540 0.220862 0.011824 0.061655
3 0.122889 0.867821 0.022804 0.034628
3 0.114865 0.133868 0.028716 0.039696
3 0.215372 0.816723 0.018581 0.072635
3 0.326014 0.217483 0.021959 0.063345
3 0.681588 0.357044 0.025338 0.051520
3 0.143581 0.310810 0.028716 0.032094
3 0.160051 0.544763 0.016047 0.064188
3 0.046453 0.452702 0.032095 0.043919
3 0.660051 0.472550 0.021115 0.063345
8 0.688767 0.507602 0.026183 0.125000
3 0.224662 0.886402 0.028716 0.044763
3 0.231419 0.148226 0.015203 0.066723
3 0.718328 0.654139 0.017736 0.066723
3 0.158784 0.399493 0.018581 0.070945
3 0.556588 0.611486 0.025338 0.055743
3 0.364020 0.757601 0.021959 0.070945
3 0.095861 0.788006 0.026182 0.057433
8 0.042230 0.184122 0.020270 0.076014
3 0.849240 0.419763 0.027871 0.057433
3 0.193412 0.394848 0.035473 0.032940
3 0.623311 0.261402 0.013514 0.056588
3 0.559966 0.729730 0.016892 0.070945
3 0.412584 0.293919 0.022804 0.050676
8 0.552787 0.548987 0.017736 0.065879
3 0.706926 0.927365 0.020270 0.057433
3 0.938345 0.307854 0.018581 0.061655
3 0.016290 0.182433 0.018581 0.060812
3 0.709037 0.801520 0.026182 0.038852
3 0.380912 0.820524 0.023648 0.048141
3 0.631335 0.151183 0.019426 0.043920
3 0.368666 0.859375 0.027872 0.043074
8 0.750845 0.283361 0.021959 0.036318
3 0.199324 0.042652 0.018581 0.027872
3 0.836149 0.524493 0.030406 0.038851
3 0.250422 0.144004 0.017736 0.066723
8 0.228463 0.921031 0.102196 0.029560
3 0.138514 0.558699 0.015203 0.076859
3 0.336148 0.868243 0.027027 0.032094
3 0.137669 0.557854 0.015203 0.075169
8 0.865287 0.913852 0.021115 0.064190
3 0.876689 0.589527 0.016892 0.069257
3 0.605997 0.258024 0.014358 0.056588
8 0.659628 0.127956 0.028716 0.019426
3 0.287584 0.303209 0.017736 0.047297
3 0.158784 0.399071 0.018581 0.071790
8 0.483108 0.799831 0.091216 0.047298
3 0.158361 0.897382 0.022804 0.054898
3 0.308699 0.842906 0.014358 0.057433
3 0.057010 0.898226 0.026183 0.049832
3 0.258446 0.815878 0.033784 0.028716
3 0.157939 0.896959 0.023648 0.057433
3 0.418497 0.614865 0.016047 0.072635
3 0.164974 0.472973 0.029561 0.048986
8 0.252534 0.775760 0.011824 0.041385
3 0.045608 0.920186 0.027027 0.049832
3 0.712415 0.521115 0.019426 0.070945
3 0.323057 0.809966 0.014358 0.059121
3 0.604307 0.130067 0.031250 0.032094
3 0.683277 0.889780 0.023649 0.056588
3 0.033784 0.318412 0.021959 0.052364
3 0.679054 0.940034 0.021959 0.035472
3 0.642736 0.920186 0.016892 0.071791
8 0.599662 0.731419 0.130068 0.118243
3 0.287584 0.302787 0.017736 0.046453
3 0.552787 0.550254 0.017736 0.063345
8 0.311233 0.303210 0.031250 0.033784
3 0.311233 0.303210 0.031250 0.033784
3 0.546453 0.433700 0.021959 0.054898
8 0.921453 0.113598 0.008446 0.021115
8 0.268186 0.026148 0.025438 0.037430
3 0.037598 0.108348 0.030346 0.043302
3 0.021533 0.102110 0.022492 0.067521
3 0.207002 0.146880 0.022135 0.067521
3 0.205217 0.204126 0.019279 0.063118
3 0.403897 0.153484 0.031774 0.039633
3 0.420498 0.116421 0.022135 0.072660
3 0.019569 0.286693 0.017136 0.065320
3 0.054021 0.256236 0.016066 0.064587
3 0.067945 0.280993 0.016066 0.064193
3 0.077941 0.328895 0.028918 0.049907
3 0.037598 0.421221 0.021778 0.059883
3 0.390687 0.309813 0.036059 0.041101
3 0.221329 0.602950 0.017910 0.042955
3 0.228128 0.580738 0.031508 0.033987
3 0.237747 0.617609 0.021559 0.064091
3 0.221163 0.666360 0.020232 0.067501
8 0.242887 0.660905 0.016583 0.041591
8 0.192805 0.661475 0.047097 0.095913
8 0.139406 0.706928 0.072968 0.100910
3 0.175558 0.689542 0.022554 0.037501
3 0.150351 0.734883 0.019237 0.061364
3 0.175227 0.809134 0.017910 0.057136
3 0.173236 0.859116 0.027197 0.048006
3 0.270582 0.772384 0.020895 0.054546
8 0.079374 0.844936 0.015920 0.132831
3 0.033603 0.756702 0.016583 0.070910
3 0.034598 0.689201 0.013930 0.060001
3 0.022492 0.717497 0.014925 0.070229
3 0.010884 0.742957 0.020232 0.031147
3 0.401758 0.835453 0.015257 0.070228
3 0.419668 0.820829 0.026533 0.066889
3 0.426965 0.785680 0.035157 0.042955
8 0.407562 0.742384 0.023548 0.010909
8 0.401426 0.698882 0.042454 0.095727
3 0.511043 0.733861 0.024212 0.067501
3 0.551695 0.902761 0.021559 0.061368
3 0.099780 0.103849 0.027632 0.035573
3 0.592644 0.194469 0.017811 0.065628
3 0.604742 0.187216 0.020499 0.056648
3 0.589283 0.279096 0.017139 0.077373
3 0.564415 0.302930 0.031926 0.037996
3 0.601214 0.321237 0.022852 0.049740
3 0.669266 0.254572 0.028565 0.035233
3 0.688757 0.230047 0.018483 0.060792
8 0.700687 0.353361 0.012770 0.163728
8 0.815789 0.086699 0.018483 0.021415
8 0.855780 0.150256 0.009074 0.042141
3 0.806379 0.249736 0.021844 0.025561
3 0.814612 0.299130 0.016131 0.071847
3 0.567213 0.478100 0.034527 0.036340
8 0.601050 0.442611 0.069607 0.314001
3 0.891002 0.263750 0.026275 0.048965
3 0.887196 0.232706 0.029467 0.030287
3 0.917891 0.184751 0.034378 0.036344
3 0.923416 0.212767 0.034132 0.033820
3 0.967168 0.490448 0.024821 0.028152
3 0.656583 0.789335 0.016048 0.068179
3 0.664415 0.742407 0.020497 0.075821
3 0.692969 0.767131 0.015104 0.046039
3 0.605469 0.799786 0.031771 0.036403
3 0.568750 0.829764 0.017708 0.068522
3 0.626823 0.906317 0.021354 0.063169
3 0.647917 0.864026 0.030208 0.040685
8 0.626563 0.846360 0.015625 0.056745
8 0.562016 0.910957 0.106324 0.175945
8 0.563802 0.875268 0.033854 0.037473
8 0.816796 0.887952 0.025783 0.067124
3 0.818229 0.913276 0.031250 0.047109
3 0.960156 0.905246 0.029687 0.033191
3 0.871354 0.973769 0.028125 0.037473
3 0.957552 0.946467 0.029687 0.051392
3 0.890351 0.864111 0.023537 0.054103