2 0.139003 0.111641 0.023024 0.069435
1 0.055498 0.302927 0.038832 0.028591
3 0.044862 0.386595 0.022990 0.068198
3 0.063230 0.344452 0.030241 0.035398
3 0.066994 0.371341 0.023400 0.037440
3 0.080696 0.463335 0.027372 0.060396
1 0.118213 0.450987 0.028866 0.041525
6 0.085325 0.435025 0.033367 0.040792
6 0.157216 0.346453 0.025773 0.060056
6 0.084961 0.261503 0.032827 0.068683
6 0.229156 0.099871 0.030510 0.035004
0 0.005886 0.043907 0.011773 0.068754
8 0.349313 0.138870 0.026460 0.054459
6 0.452244 0.293940 0.016515 0.068661
6 0.461744 0.358077 0.017868 0.057749
6 0.315609 0.354938 0.023765 0.048462
6 0.368900 0.353161 0.008591 0.054739
1 0.294036 0.453490 0.019000 0.095543
1 0.079897 0.760722 0.040206 0.120490
1 0.023368 0.783186 0.035052 0.046971
0 0.015385 0.705921 0.019087 0.069432
0 0.075601 0.682777 0.038488 0.027229
8 0.050515 0.815521 0.022680 0.076242
6 0.036654 0.907521 0.011627 0.094860
6 0.107216 0.917445 0.010997 0.067084
6 0.092104 0.902737 0.018572 0.045092
6 0.194946 0.859646 0.025916 0.033791
1 0.247251 0.947924 0.032646 0.056501
2 0.209107 0.752893 0.033333 0.029952
2 0.253436 0.735875 0.033333 0.043567
6 0.224720 0.734861 0.040271 0.017003
6 0.213167 0.801485 0.017400 0.063147
6 0.312717 0.831772 0.017177 0.088668
6 0.291237 0.810389 0.012715 0.029219
6 0.293642 0.882668 0.009900 0.048862
6 0.235395 0.473576 0.029553 0.029521
3 0.203093 0.568074 0.024055 0.061947
6 0.267041 0.593172 0.021368 0.075383
6 0.244338 0.564579 0.017650 0.049822
6 0.246912 0.570406 0.023386 0.041082
8 0.245189 0.622192 0.028522 0.055820
8 0.227148 0.302246 0.012371 0.049013
8 0.161684 0.268550 0.021649 0.037440
6 0.455363 0.898577 0.035789 0.015379
0 0.379897 0.652144 0.034021 0.043567
2 0.410997 0.652144 0.028179 0.073519
6 0.451008 0.638531 0.026321 0.037511
6 0.444244 0.674268 0.024913 0.031995
8 0.505670 0.982301 0.054639 0.025868
0 0.512027 0.123894 0.030241 0.029952
6 0.570962 0.017699 0.013402 0.035398
6 0.583849 0.147276 0.010997 0.071270
8 0.618557 0.160994 0.018557 0.025187
6 0.704945 0.147039 0.044254 0.029952
0 0.605670 0.256297 0.018900 0.052417
1 0.635390 0.047750 0.017859 0.069632
3 0.666495 0.062023 0.016838 0.062781
0 0.739519 0.116065 0.028179 0.027910
0 0.518994 0.294882 0.022868 0.069682
3 0.725086 0.322754 0.031615 0.028773
3 0.735223 0.350919 0.013402 0.027910
6 0.608317 0.552649 0.030789 0.017483
6 0.585911 0.762764 0.012371 0.095984
6 0.597172 0.747761 0.014431 0.079287
6 0.625761 0.777830 0.041386 0.026698
8 0.695361 0.291014 0.021649 0.040163
6 0.892820 0.197092 0.022608 0.030697
6 0.738343 0.441065 0.019642 0.073296
6 0.815266 0.454337 0.025000 0.056259
6 0.810957 0.528959 0.016416 0.046233
6 0.752405 0.621563 0.024399 0.051839
2 0.697595 0.684139 0.014433 0.059905
2 0.811512 0.855003 0.031271 0.047651
1 0.780069 0.947624 0.032990 0.081769
6 0.793148 0.903733 0.034913 0.018266
1 0.926289 0.445201 0.029210 0.106195
1 0.954821 0.435032 0.014757 0.070711
3 0.945073 0.364874 0.016606 0.053097
6 0.767008 0.785044 0.010252 0.098101
6 0.771267 0.775913 0.016245 0.132296
8 0.573711 0.667120 0.016151 0.031314
8 0.725601 0.847175 0.012027 0.044248
3 0.752679 0.060725 0.030412 0.039204