0 0.828179 0.979210 0.024055 0.040163
0 0.726976 0.981280 0.023024 0.037440
0 0.825430 0.909122 0.025430 0.055140
0 0.841237 0.834241 0.014433 0.053778
0 0.800926 0.796120 0.023845 0.066031
0 0.696564 0.846494 0.040550 0.041525
0 0.665464 0.890402 0.026460 0.062628
0 0.852577 0.700817 0.016495 0.075562
0 0.952577 0.679374 0.039175 0.034037
0 0.904811 0.583390 0.039863 0.031314
0 0.766151 0.578625 0.035395 0.055820
0 0.713402 0.565351 0.017182 0.068754
0 0.675226 0.527684 0.018620 0.051965
0 0.909794 0.701838 0.018900 0.062628
0 0.988316 0.584752 0.023368 0.034037
0 0.928351 0.469027 0.038144 0.038121
0 0.910997 0.328455 0.046048 0.030633
0 0.923368 0.214091 0.040550 0.036079
0 0.944502 0.059905 0.018213 0.069435
0 0.889347 0.144003 0.032302 0.055195
0 0.847423 0.231790 0.028179 0.052417
0 0.791753 0.200817 0.037801 0.053097
0 0.743299 0.297481 0.039175 0.032675
0 0.713574 0.263785 0.016838 0.070116
0 0.670447 0.384615 0.022680 0.053097
0 0.663073 0.452656 0.023741 0.063924
0 0.624914 0.270252 0.016151 0.078965
0 0.603608 0.313479 0.025773 0.053778
0 0.552577 0.423077 0.020619 0.079646
0 0.521478 0.292035 0.013402 0.072158
0 0.643127 0.117086 0.038144 0.039483
0 0.530069 0.026889 0.019588 0.048332
0 0.277148 0.955752 0.039519 0.054459
0 0.152062 0.914227 0.021649 0.072158
0 0.349656 0.777740 0.042268 0.030633
0 0.269588 0.803608 0.034021 0.029272
0 0.201718 0.717835 0.024055 0.048332
0 0.245017 0.666440 0.019931 0.078965
0 0.147766 0.710347 0.031615 0.029272
0 0.010309 0.839687 0.019931 0.036079
0 0.461856 0.571137 0.039175 0.032675
0 0.439347 0.767189 0.023024 0.042206
0 0.040550 0.593261 0.030241 0.030633
0 0.134021 0.412526 0.018557 0.078965
0 0.125258 0.317563 0.016151 0.078285
0 0.407388 0.261062 0.040206 0.037440
0 0.494674 0.385296 0.029210 0.061266
0 0.488144 0.217155 0.014089 0.055820
0 0.470619 0.019741 0.025086 0.038121
0 0.601718 0.911164 0.014433 0.029272
0 0.897371 0.724504 0.012937 0.064381
0 0.988672 0.539036 0.018827 0.027813
0 0.995054 0.338580 0.009892 0.018805
0 0.569303 0.547096 0.028719 0.039191
0 0.586386 0.544674 0.018468 0.021951
0 0.933971 0.030068 0.023266 0.043993
0 0.860473 0.085059 0.025909 0.031423
0 0.867612 0.052326 0.019564 0.035089
0 0.840777 0.104436 0.010840 0.050277
0 0.410302 0.767022 0.031284 0.046818
0 0.048299 0.720451 0.014429 0.061602
0 0.043448 0.674866 0.012688 0.068009
0 0.023173 0.650225 0.036819 0.034497