8 0.596564 0.949285 0.021993 0.101430
0 0.793127 0.783526 0.036426 0.065351
6 0.824914 0.764806 0.020275 0.066031
0 0.920447 0.827774 0.029897 0.051736
3 0.957216 0.733833 0.029210 0.047651
1 0.733162 0.633084 0.030584 0.104833
6 0.655155 0.749489 0.021649 0.057182
0 0.796392 0.566206 0.015464 0.071129
6 0.915464 0.556501 0.024742 0.056501
2 0.714089 0.331858 0.017182 0.082369
6 0.926289 0.421375 0.028522 0.038121
6 0.865120 0.480939 0.022337 0.031995
6 0.782818 0.408101 0.024742 0.048332
6 0.929897 0.320967 0.027491 0.040163
6 0.946048 0.227706 0.016495 0.087815
1 0.959966 0.312117 0.040206 0.052417
6 0.712371 0.129680 0.010997 0.083730
0 0.687973 0.234513 0.018557 0.066031
6 0.685150 0.117826 0.036967 0.024388
6 0.656357 0.179033 0.034364 0.020422
3 0.571134 0.200136 0.018557 0.063989
6 0.575086 0.068414 0.012027 0.031995
6 0.537285 0.087815 0.014089 0.068074
6 0.519072 0.558884 0.014777 0.044929
3 0.546688 0.509367 0.027672 0.056779
0 0.539293 0.530055 0.031789 0.036545
6 0.601453 0.615064 0.039631 0.034611
6 0.444330 0.912185 0.030928 0.043567
6 0.491753 0.854663 0.014433 0.071477
1 0.448566 0.872362 0.027717 0.030633
6 0.442784 0.793737 0.038832 0.023145
6 0.469588 0.755276 0.036082 0.021103
6 0.364433 0.700817 0.021649 0.064670
6 0.221478 0.731790 0.016151 0.059905
3 0.450859 0.604833 0.021306 0.066031
3 0.484021 0.498979 0.027148 0.058543
3 0.389863 0.323009 0.025086 0.061947
8 0.312027 0.360109 0.021993 0.236896
3 0.128179 0.610279 0.019931 0.059224
0 0.099828 0.599047 0.027835 0.044929
8 0.098969 0.508169 0.053608 0.086453
6 0.042440 0.564670 0.027835 0.029272
2 0.081615 0.918993 0.034021 0.049013
6 0.040206 0.826753 0.009622 0.041525
6 0.141409 0.681076 0.012715 0.029272
1 0.053952 0.386658 0.051546 0.049013
2 0.187973 0.295099 0.032302 0.063308
6 0.343986 0.283186 0.021993 0.070796
6 0.391924 0.244044 0.021649 0.045609
8 0.333333 0.193669 0.081787 0.117767
1 0.334708 0.111759 0.062543 0.046053
2 0.351254 0.084090 0.036324 0.046428
6 0.246220 0.209326 0.027148 0.053778
6 0.119588 0.150102 0.030928 0.053778
6 0.063918 0.192648 0.028866 0.032675
6 0.035567 0.178693 0.018900 0.060585
6 0.093653 0.111651 0.027168 0.050396
6 0.107045 0.087815 0.024399 0.063989
6 0.134936 0.424918 0.029830 0.087792
6 0.563276 0.266556 0.015703 0.053540
1 0.521306 0.928182 0.048110 0.040163
8 0.359450 0.044929 0.019931 0.036760
8 0.336598 0.036760 0.016151 0.027229
8 0.388144 0.036419 0.018900 0.022464
6 0.768041 0.800885 0.013058 0.051055
1 0.110481 0.401974 0.029210 0.068754