2 0.031271 0.264806 0.019931 0.077604
2 0.273883 0.074200 0.018557 0.078965
3 0.368557 0.113002 0.022337 0.065351
2 0.352749 0.094963 0.027148 0.038802
1 0.307732 0.047311 0.038144 0.076923
6 0.239863 0.089857 0.037801 0.069435
6 0.268729 0.119469 0.019931 0.064670
6 0.200344 0.144997 0.018557 0.057182
6 0.084708 0.281144 0.025086 0.039483
0 0.197423 0.237577 0.014777 0.074881
8 0.468213 0.148060 0.030584 0.042886
0 0.411340 0.305310 0.030241 0.053778
6 0.190206 0.167120 0.018900 0.070116
6 0.304296 0.307012 0.018900 0.055820
6 0.182131 0.343091 0.021993 0.083050
1 0.271674 0.465283 0.024447 0.067393
2 0.134880 0.447243 0.026460 0.055820
0 0.243986 0.480939 0.023368 0.053778
6 0.061684 0.678353 0.014777 0.056501
6 0.125601 0.722600 0.016151 0.067393
1 0.200172 0.793737 0.034708 0.055820
6 0.230928 0.843091 0.035739 0.040163
3 0.419759 0.567393 0.029210 0.076923
2 0.399656 0.853349 0.019931 0.072744
6 0.469524 0.750257 0.024742 0.055140
6 0.463402 0.841389 0.031271 0.044929
6 0.471821 0.876106 0.035052 0.020422
0 0.352062 0.934649 0.033333 0.040844
8 0.400687 0.959837 0.032302 0.078965
6 0.157560 0.887338 0.022337 0.064670
1 0.092784 0.843431 0.028179 0.055820
8 0.337629 0.606195 0.031271 0.048332
8 0.420619 0.051055 0.019244 0.066712
1 0.623711 0.031654 0.037113 0.041525
0 0.788488 0.116746 0.013402 0.071477
1 0.565636 0.313819 0.032990 0.063989
6 0.898625 0.128999 0.028179 0.042886
6 0.939175 0.054459 0.016495 0.053097
6 0.952577 0.069095 0.010997 0.064670
6 0.725601 0.231450 0.023024 0.027229
8 0.642612 0.462900 0.030928 0.123894
8 0.767010 0.611641 0.055670 0.119129
8 0.693986 0.808373 0.072509 0.206263
8 0.796048 0.982301 0.078694 0.034037
3 0.539003 0.805310 0.023024 0.053097
3 0.662715 0.578965 0.029210 0.051055
6 0.757388 0.541525 0.024742 0.046971
6 0.679553 0.472090 0.026460 0.070116
6 0.582551 0.203551 0.013212 0.073497
6 0.855326 0.305310 0.016495 0.053778
8 0.862027 0.369980 0.027148 0.055140
0 0.965464 0.253233 0.018900 0.068074
1 0.958076 0.454731 0.017182 0.070796
1 0.841237 0.570116 0.030928 0.036079
6 0.843908 0.625255 0.009091 0.072839
6 0.775086 0.760381 0.028522 0.050374
6 0.667354 0.748128 0.037801 0.038121
6 0.642440 0.846154 0.011340 0.092580
1 0.796907 0.817563 0.033677 0.036760
6 0.970447 0.799864 0.017182 0.091219
6 0.157765 0.423245 0.009508 0.086664
6 0.167124 0.427586 0.010993 0.084752
6 0.431848 0.465106 0.030305 0.061799
6 0.427689 0.494313 0.033871 0.030457
0 0.381311 0.779745 0.027784 0.051910
6 0.390466 0.810390 0.030941 0.014385
6 0.420697 0.809765 0.035519 0.031897
6 0.718022 0.406211 0.018980 0.072979
1 0.708401 0.548969 0.019508 0.097652
3 0.763784 0.702106 0.032489 0.039563
6 0.743566 0.672572 0.030731 0.013931
6 0.723277 0.548032 0.021800 0.037891
6 0.746625 0.890448 0.029114 0.076340
8 0.971993 0.905037 0.018213 0.030633
8 0.515120 0.924098 0.021993 0.038802