8 0.694158 0.853302 0.087285 0.293397
8 0.779553 0.985364 0.013402 0.029272
8 0.657904 0.691627 0.110997 0.057182
8 0.731615 0.683458 0.080412 0.089857
8 0.708591 0.624234 0.072852 0.034037
8 0.612027 0.928523 0.041237 0.142954
8 0.887801 0.646018 0.034021 0.080327
8 0.920619 0.650442 0.019244 0.010211
8 0.916838 0.626276 0.026804 0.017699
8 0.929210 0.912185 0.034364 0.031314
8 0.839003 0.613002 0.013402 0.033356
8 0.763574 0.596664 0.072852 0.022464
8 0.621478 0.575562 0.023711 0.017018
8 0.634364 0.606535 0.018557 0.050374
8 0.676289 0.652144 0.028866 0.013615
8 0.544502 0.562287 0.022337 0.044929
8 0.528443 0.590281 0.009649 0.050518
8 0.550344 0.479238 0.021649 0.010892
8 0.801546 0.242682 0.114433 0.094622
8 0.778694 0.171205 0.042612 0.018380
8 0.763058 0.359088 0.015464 0.060585
8 0.862543 0.090197 0.016495 0.026549
8 0.897079 0.234173 0.023711 0.122532
8 0.882990 0.061266 0.027835 0.054459
8 0.938832 0.311436 0.036426 0.038802
8 0.820447 0.391763 0.027835 0.025187
8 0.960653 0.086113 0.016151 0.042886
8 0.560137 0.243703 0.024742 0.029952
8 0.133677 0.846835 0.057045 0.024506
8 0.378522 0.680054 0.036770 0.118448
8 0.437629 0.712049 0.027148 0.281824
8 0.217869 0.723622 0.046735 0.034037
8 0.354639 0.613002 0.017182 0.029272
8 0.091753 0.358407 0.151890 0.206263
8 0.356529 0.446903 0.018900 0.066031
8 0.373196 0.501361 0.032990 0.026549
8 0.248969 0.529272 0.041581 0.046971
8 0.248797 0.137849 0.070790 0.098707
8 0.309278 0.234854 0.026117 0.043567
8 0.224742 0.056161 0.032990 0.048332
8 0.268213 0.045609 0.027148 0.019061
8 0.365979 0.081688 0.017869 0.038121
8 0.026117 0.057182 0.007560 0.093941
8 0.065636 0.213410 0.031615 0.037440
8 0.010309 0.466304 0.019931 0.012253
1 0.797079 0.786590 0.038144 0.034717
1 0.713058 0.758339 0.018557 0.055820
1 0.753436 0.711368 0.012027 0.027229
1 0.905670 0.533696 0.023024 0.034037
1 0.940722 0.472090 0.013402 0.040163
1 0.588316 0.441797 0.026117 0.043567
1 0.535911 0.591559 0.012715 0.024506
1 0.929038 0.088836 0.017526 0.057862
1 0.736598 0.118108 0.015464 0.041525
1 0.696564 0.121511 0.025430 0.029272
1 0.114605 0.106875 0.018900 0.044929
1 0.140550 0.124575 0.013058 0.029952
1 0.257045 0.204901 0.015120 0.025868
1 0.303608 0.389040 0.011340 0.019741
1 0.260137 0.404016 0.017182 0.034717
1 0.077835 0.106195 0.017526 0.035398
1 0.084708 0.860790 0.019588 0.066031
1 0.068557 0.854663 0.019588 0.041525
1 0.065292 0.097345 0.012371 0.025868