1 0.354296 0.445882 0.019931 0.054459
1 0.760997 0.885977 0.017526 0.027910
1 0.715979 0.217155 0.012027 0.047651
1 0.513574 0.414908 0.014089 0.034717
1 0.557560 0.055820 0.021649 0.035398
1 0.539519 0.069095 0.023368 0.026549
1 0.182646 0.900613 0.014089 0.047651
1 0.201203 0.899932 0.011340 0.024506
1 0.137113 0.921715 0.011684 0.027229
1 0.186942 0.761402 0.014433 0.041525
1 0.106701 0.642274 0.014089 0.036079
1 0.090034 0.586113 0.019244 0.023145
1 0.204983 0.570796 0.011340 0.023826
8 0.013574 0.934649 0.026460 0.019061
8 0.418900 0.601430 0.140893 0.109598
8 0.983505 0.760381 0.032990 0.181076
1 0.693285 0.890624 0.010697 0.050770
1 0.696182 0.846034 0.011589 0.041941