0 0.631271 0.983662 0.038488 0.032675
0 0.781271 0.977876 0.015464 0.044248
0 0.884934 0.671886 0.015700 0.073519
0 0.954983 0.946222 0.017869 0.051736
0 0.782474 0.679714 0.028179 0.046971
0 0.562227 0.819946 0.029609 0.055140
0 0.725945 0.628999 0.042268 0.038121
0 0.975430 0.543907 0.031959 0.031314
0 0.881787 0.537781 0.037113 0.036760
0 0.672680 0.555140 0.016151 0.079646
0 0.600344 0.570796 0.039863 0.027910
0 0.725430 0.101770 0.038488 0.029272
0 0.652234 0.017699 0.024742 0.034037
0 0.555498 0.055820 0.027148 0.038121
0 0.384364 0.898570 0.025086 0.068074
0 0.371306 0.866576 0.043643 0.032675
0 0.221993 0.924438 0.014433 0.080327
0 0.034021 0.905037 0.028866 0.063308
0 0.443299 0.702859 0.033677 0.034717
0 0.343471 0.768210 0.023024 0.090538
0 0.358591 0.701838 0.032646 0.057182
0 0.345361 0.651123 0.035739 0.040163
0 0.285223 0.607216 0.038488 0.039483
0 0.272509 0.565691 0.021306 0.049013
0 0.196564 0.560926 0.026804 0.069435
0 0.264777 0.421375 0.025086 0.059905
0 0.202921 0.321988 0.023711 0.065351
0 0.217698 0.204561 0.023711 0.070116
0 0.018557 0.228387 0.031615 0.064670
0 0.527851 0.279472 0.031276 0.029898
0 0.536012 0.272200 0.032911 0.028281
0 0.576588 0.815529 0.020686 0.040364