6 0.144244 0.129574 0.011512 0.075516
6 0.190963 0.145756 0.034570 0.030019
6 0.274833 0.115737 0.009097 0.067543
6 0.249803 0.219162 0.010655 0.085835
6 0.384708 0.104034 0.027467 0.056944
6 0.388264 0.115409 0.024159 0.023875
6 0.426218 0.132271 0.017668 0.085836
7 0.445704 0.063556 0.006873 0.028142
3 0.457045 0.113683 0.033677 0.053097
3 0.228179 0.218176 0.021993 0.056501
6 0.346409 0.459706 0.016101 0.071215
6 0.302749 0.481280 0.025430 0.036760
6 0.275712 0.467278 0.033897 0.045517
6 0.438421 0.471069 0.009755 0.053097
6 0.432479 0.507147 0.034333 0.028592
1 0.306186 0.563649 0.046735 0.065351
6 0.318233 0.905152 0.019891 0.041295
6 0.043377 0.783435 0.029922 0.039666
6 0.093986 0.776378 0.029210 0.056501
8 0.110997 0.925800 0.017182 0.078965
8 0.041581 0.838666 0.019931 0.042206
3 0.021821 0.923159 0.024399 0.080490
3 0.065464 0.984343 0.017526 0.029952
6 0.021048 0.665015 0.022509 0.042332
8 0.129553 0.510211 0.017182 0.064670
8 0.112887 0.174949 0.016151 0.051736
8 0.341581 0.289312 0.017182 0.053097
8 0.425945 0.381212 0.018900 0.036760
8 0.031615 0.016338 0.021306 0.032675
7 0.037973 0.127978 0.012715 0.014976
7 0.050344 0.085092 0.007904 0.025868
3 0.736216 0.024166 0.014722 0.048332
6 0.736497 0.110747 0.020073 0.053522
6 0.690145 0.212967 0.021773 0.047445
0 0.697871 0.296899 0.018004 0.062824
6 0.676460 0.346835 0.015464 0.067393
0 0.825086 0.417971 0.014433 0.080327
0 0.895533 0.463921 0.028179 0.026549
6 0.927909 0.448219 0.030780 0.033265
6 0.993789 0.255220 0.011735 0.054484
8 0.940722 0.271273 0.045704 0.064670
8 0.580756 0.088155 0.054983 0.048332
6 0.582465 0.224445 0.028197 0.055424
0 0.581787 0.291215 0.027491 0.038401
6 0.565973 0.570350 0.028879 0.016860
6 0.626381 0.570537 0.019773 0.077933
8 0.719416 0.957114 0.021649 0.084411
3 0.530584 0.780463 0.015120 0.068754
6 0.827592 0.760313 0.017435 0.047516
6 0.796564 0.626276 0.019244 0.042206
3 0.862543 0.565691 0.018557 0.053097
3 0.942784 0.582369 0.019588 0.063308
3 0.987801 0.678012 0.023711 0.039483
8 0.924914 0.814840 0.018213 0.065351
0 0.674227 0.965963 0.022680 0.066712
6 0.537801 0.441797 0.020619 0.028591