0 0.152234 0.196392 0.028179 0.034717
0 0.045533 0.202859 0.016838 0.047651
0 0.370619 0.106195 0.030584 0.061266
0 0.406529 0.219537 0.014433 0.083730
0 0.242096 0.415248 0.040206 0.031314
0 0.298969 0.409803 0.039175 0.040844
0 0.159794 0.474813 0.024055 0.049694
0 0.331271 0.586453 0.043299 0.044248
0 0.398797 0.496937 0.036082 0.038121
0 0.456529 0.445201 0.045017 0.042206
0 0.011684 0.433288 0.023368 0.030633
0 0.050859 0.748809 0.028866 0.059905
0 0.207560 0.771273 0.018557 0.077604
0 0.303297 0.698969 0.036835 0.037830
0 0.398797 0.675289 0.027835 0.050374
0 0.430584 0.611981 0.029553 0.027229
8 0.376804 0.732811 0.064261 0.134105
0 0.099485 0.841048 0.031271 0.040163
0 0.096220 0.934990 0.045361 0.026549
0 0.308076 0.930565 0.046392 0.029952
0 0.368385 0.911504 0.032302 0.050374
0 0.114777 0.964942 0.029553 0.038802
0 0.513918 0.441797 0.021649 0.065351
0 0.533505 0.556161 0.036082 0.040844
0 0.569759 0.201498 0.029553 0.029952
0 0.659529 0.312643 0.025773 0.051736
0 0.698797 0.179714 0.034708 0.062628
0 0.778866 0.348536 0.020962 0.070796
0 0.841581 0.100749 0.031615 0.040844
0 0.964605 0.232131 0.019244 0.070796
0 0.801890 0.557862 0.032646 0.053778
8 0.701031 0.773656 0.047423 0.026549
0 0.862199 0.643975 0.018557 0.058543
0 0.971478 0.167801 0.018557 0.059224
0 0.973540 0.395507 0.025430 0.073519
0 0.969416 0.476515 0.032302 0.049013
0 0.972509 0.708645 0.036426 0.047651
0 0.991924 0.626617 0.015464 0.055140
0 0.989519 0.934990 0.020275 0.070116
0 0.910481 0.363513 0.016151 0.027229
0 0.534880 0.325732 0.016151 0.051055
0 0.973368 0.335943 0.022337 0.030633
0 0.163553 0.540777 0.021408 0.061500
0 0.154220 0.569033 0.014080 0.050792
0 0.986781 0.315632 0.013377 0.077088