8 0.676976 0.440776 0.019931 0.081007
8 0.689175 0.276378 0.014089 0.044929
8 0.571306 0.317223 0.040893 0.063989
8 0.057732 0.034037 0.115464 0.068074
8 0.331959 0.612321 0.019931 0.165419
8 0.853608 0.099728 0.055670 0.042886
8 0.928007 0.379170 0.034708 0.043567
8 0.501718 0.148060 0.007560 0.059224
8 0.589691 0.960177 0.010309 0.078285
8 0.448625 0.828114 0.193471 0.342410
8 0.246564 0.815861 0.097938 0.285228
8 0.133333 0.778421 0.146392 0.053778
8 0.029381 0.668822 0.058763 0.392784
8 0.004752 0.558797 0.009503 0.064213
8 0.009319 0.758441 0.018639 0.162283
8 0.401890 0.560585 0.042955 0.027910
8 0.071478 0.397890 0.027491 0.027910
8 0.874914 0.730429 0.006186 0.043567
8 0.830584 0.817223 0.032302 0.025187
8 0.811340 0.931586 0.044674 0.046971
8 0.743471 0.707965 0.021649 0.027229
8 0.529381 0.429884 0.028522 0.034717
8 0.974742 0.748128 0.012715 0.068074
8 0.965120 0.944180 0.009278 0.110279
8 0.323196 0.146018 0.019588 0.048332
1 0.170103 0.017018 0.023368 0.034037
1 0.307904 0.089857 0.013746 0.053097
8 0.186254 0.108237 0.010997 0.029952
1 0.264261 0.172907 0.010997 0.024506
1 0.357045 0.320286 0.013746 0.055140
8 0.377491 0.275017 0.024399 0.039483
1 0.269072 0.518039 0.016495 0.021784
1 0.515808 0.547311 0.018557 0.042206
1 0.412715 0.858407 0.013058 0.051736
1 0.608076 0.349898 0.011340 0.032675
1 0.729381 0.010211 0.022337 0.020422
1 0.787457 0.144997 0.025773 0.031314
1 0.515464 0.398230 0.013058 0.023145
1 0.931615 0.177332 0.029553 0.045609
1 0.853093 0.408101 0.027148 0.044248
1 0.873540 0.577604 0.018557 0.034717
1 0.797423 0.616406 0.016838 0.042886
1 0.747079 0.638870 0.014433 0.033356
1 0.822337 0.992172 0.013058 0.014295