3 0.146564 0.112662 0.038144 0.034717
6 0.240550 0.072839 0.043299 0.023145
6 0.139519 0.184479 0.030241 0.025868
6 0.052234 0.302587 0.029553 0.038802
6 0.094502 0.337161 0.037801 0.023540
6 0.009278 0.057862 0.018557 0.036760
6 0.374742 0.199115 0.026460 0.042886
1 0.446564 0.337985 0.031959 0.075562
1 0.410825 0.485705 0.026460 0.105514
6 0.403436 0.399251 0.008935 0.074200
6 0.242612 0.498267 0.026117 0.036822
8 0.163230 0.489108 0.040550 0.079646
1 0.094931 0.537899 0.023765 0.064667
6 0.005903 0.518039 0.011805 0.085773
6 0.463867 0.768890 0.022095 0.072839
6 0.237250 0.802528 0.023879 0.053036
3 0.377491 0.853642 0.018900 0.070796
3 0.332302 0.924098 0.025430 0.061947
6 0.194982 0.816882 0.018284 0.058543
0 0.085567 0.821307 0.037801 0.040163
6 0.081100 0.859769 0.037801 0.027229
6 0.110825 0.847175 0.031959 0.067393
0 0.250859 0.927502 0.017869 0.079646
2 0.215431 0.907567 0.033592 0.051626
8 0.741411 0.223281 0.043647 0.058543
6 0.717010 0.313819 0.016838 0.049013
6 0.860997 0.413206 0.029210 0.042206
6 0.944845 0.368756 0.022337 0.015381
6 0.872852 0.495916 0.015120 0.060585
6 0.913918 0.554118 0.027835 0.047651
6 0.959107 0.551055 0.028866 0.060585
6 0.772617 0.613683 0.021523 0.053778
3 0.925773 0.634786 0.031615 0.046971
0 0.873196 0.714772 0.019244 0.057182
6 0.967010 0.720558 0.022680 0.055140
2 0.895017 0.933969 0.034021 0.050374
6 0.670103 0.833560 0.022680 0.061947
6 0.692270 0.781484 0.008596 0.058543
6 0.595704 0.660313 0.040206 0.035398
3 0.813574 0.932607 0.029897 0.036760
1 0.870204 0.821647 0.015607 0.063989
1 0.858591 0.852961 0.035395 0.061266
6 0.969244 0.916890 0.023711 0.021905
8 0.086776 0.601761 0.051197 0.139101
8 0.425161 0.446068 0.030720 0.110572