6 0.831235 0.953257 0.044471 0.040111
6 0.869874 0.930846 0.041069 0.066227
7 0.900129 0.897028 0.017011 0.042742
8 0.883086 0.967315 0.030070 0.064681
8 0.886376 0.709717 0.046167 0.048402
7 0.958452 0.719432 0.022612 0.013203
6 0.797910 0.721021 0.034587 0.067387
6 0.787094 0.739236 0.044989 0.089230
7 0.921728 0.555102 0.015030 0.037142
7 0.873404 0.566561 0.009777 0.011427
7 0.993236 0.559435 0.013528 0.013365
6 0.992710 0.424294 0.014580 0.053391
6 0.935279 0.356283 0.038001 0.102012
8 0.958587 0.339164 0.015428 0.033795
6 0.938359 0.341649 0.020228 0.067923
6 0.975514 0.293892 0.048595 0.030243
6 0.745726 0.655927 0.015507 0.095993
6 0.740844 0.669564 0.008040 0.103928
6 0.731846 0.655798 0.008041 0.087797
6 0.722561 0.652582 0.007084 0.052048
6 0.674891 0.793676 0.007849 0.076211
6 0.975875 0.168480 0.048250 0.058931
6 0.924784 0.215145 0.051237 0.060461
6 0.926806 0.165630 0.034248 0.097988
6 0.882850 0.024120 0.052586 0.029709
6 0.750885 0.412764 0.054420 0.051560
7 0.772940 0.312152 0.036680 0.038459
6 0.739497 0.318639 0.033563 0.087575
7 0.723612 0.316194 0.020971 0.047981
6 0.707836 0.335088 0.038805 0.086184
6 0.725593 0.269060 0.048906 0.056066
6 0.723794 0.263963 0.050584 0.054212
6 0.644487 0.363375 0.031495 0.034244
6 0.745850 0.158067 0.053461 0.089671
7 0.723075 0.030533 0.029487 0.029655
6 0.656678 0.164181 0.010807 0.115315
6 0.628021 0.226302 0.043152 0.072747
6 0.608329 0.245299 0.021509 0.114449
7 0.603089 0.197764 0.012468 0.064026
6 0.625030 0.181255 0.031897 0.067911
6 0.614476 0.166065 0.055379 0.082941
7 0.596964 0.148690 0.024191 0.024095
7 0.581632 0.198949 0.011268 0.034782
7 0.578755 0.157493 0.012226 0.050969
7 0.557539 0.170235 0.029247 0.014364
7 0.559337 0.155640 0.023734 0.014828
6 0.576598 0.108609 0.038118 0.040312
6 0.523689 0.089906 0.027236 0.034414
6 0.548805 0.026991 0.021850 0.052493
6 0.486326 0.153750 0.035481 0.090818
6 0.474219 0.141619 0.037159 0.096546
6 0.410330 0.118766 0.022056 0.031971
6 0.435382 0.234348 0.007911 0.065744
6 0.376417 0.174137 0.050603 0.045409
6 0.378478 0.200114 0.031709 0.015697
6 0.365854 0.241788 0.034271 0.061163
6 0.336459 0.254034 0.055074 0.034817
6 0.350037 0.229277 0.043872 0.046335
7 0.352440 0.093355 0.010450 0.048968
7 0.396481 0.036983 0.012706 0.011584
6 0.339677 0.051691 0.075544 0.045184
6 0.273030 0.172052 0.045815 0.088038
6 0.219437 0.181087 0.022535 0.037532
6 0.168514 0.201061 0.055420 0.042066
6 0.246644 0.064553 0.050578 0.072283
7 0.189042 0.329792 0.013798 0.015037
7 0.276760 0.340692 0.014718 0.043512
7 0.335677 0.374754 0.012486 0.036920
6 0.362408 0.312421 0.017283 0.073995
6 0.346994 0.381733 0.037394 0.060761
6 0.333528 0.412992 0.061853 0.039557
6 0.371615 0.379950 0.045703 0.087182
6 0.410162 0.450132 0.034110 0.086585
6 0.427671 0.486378 0.030926 0.085293
6 0.287934 0.495688 0.062535 0.034414
6 0.266786 0.516279 0.056623 0.025492
6 0.273835 0.524630 0.051620 0.037799
6 0.470106 0.670971 0.009103 0.067475
6 0.335128 0.780971 0.045699 0.024139
6 0.280837 0.881642 0.029085 0.071869
8 0.223404 0.743116 0.015269 0.031820
7 0.146455 0.775759 0.012377 0.023591
8 0.111907 0.884820 0.078201 0.020593
6 0.031384 0.909686 0.049032 0.049346
6 0.017857 0.864981 0.034943 0.040753
7 0.006456 0.139003 0.012141 0.016524