1 0.855498 0.256978 0.016151 0.027910
1 0.780756 0.217835 0.011684 0.031314
1 0.202749 0.062968 0.019244 0.041525
1 0.590034 0.356365 0.026804 0.031995
1 0.340550 0.206263 0.013058 0.019061
1 0.206701 0.402655 0.012027 0.023826
1 0.225945 0.543567 0.012027 0.036079
1 0.173711 0.621171 0.015464 0.019741
1 0.332474 0.528931 0.010653 0.025868
1 0.203952 0.735534 0.015464 0.026549
1 0.347423 0.827774 0.012371 0.039483
1 0.482990 0.858067 0.009278 0.025187
1 0.496564 0.639210 0.010309 0.019061
1 0.590378 0.850579 0.010309 0.019741
1 0.744845 0.942138 0.012027 0.024506
1 0.568041 0.990470 0.013746 0.017699
1 0.195704 0.985364 0.018213 0.021103
1 0.052062 0.818244 0.020275 0.036760
1 0.952749 0.528251 0.019588 0.024506
1 0.641581 0.594963 0.035052 0.034037
8 0.030756 0.326753 0.042955 0.107556
8 0.114261 0.150442 0.029210 0.085773
8 0.123711 0.514636 0.101031 0.044929
8 0.028694 0.056841 0.047766 0.018380
8 0.960309 0.048673 0.067698 0.078285
8 0.873883 0.545269 0.021993 0.038121