8 0.908935 0.833560 0.067354 0.131382
1 0.963402 0.803948 0.023024 0.050374
1 0.867182 0.684820 0.010653 0.020422
1 0.801375 0.551736 0.013058 0.019741
1 0.866838 0.442818 0.014089 0.029272
1 0.803780 0.358067 0.017869 0.059905
1 0.637113 0.648400 0.024742 0.023826
1 0.675086 0.808671 0.022337 0.046206
1 0.654277 0.816897 0.049592 0.036696
8 0.635987 0.821632 0.059218 0.113006
8 0.655045 0.860731 0.030893 0.054834
8 0.645857 0.884095 0.014443 0.127310
8 0.662948 0.917841 0.029368 0.075077
8 0.553966 0.850677 0.050112 0.225451
8 0.536838 0.791668 0.044397 0.038336
8 0.493574 0.811535 0.014950 0.061918
8 0.477008 0.605917 0.013817 0.093779
8 0.402485 0.783372 0.157881 0.302410
8 0.389892 0.832278 0.035295 0.213572
8 0.250344 0.952349 0.084192 0.095303
8 0.338111 0.897660 0.037638 0.028358
8 0.354308 0.546570 0.111803 0.133834
8 0.389521 0.416877 0.033013 0.122935
8 0.382038 0.347362 0.024210 0.016965
8 0.390291 0.514021 0.101899 0.066120
8 0.459481 0.229542 0.023989 0.282926
8 0.417086 0.116322 0.066245 0.038363
8 0.439205 0.144440 0.014966 0.037926
8 0.424129 0.082100 0.063604 0.068442
8 0.583942 0.067316 0.034333 0.132962
8 0.510764 0.028735 0.160881 0.030516
8 0.536052 0.210087 0.036709 0.061903
8 0.533873 0.232102 0.025310 0.045774
8 0.728909 0.110681 0.052437 0.220001
8 0.976020 0.289413 0.047960 0.049455
8 0.330273 0.059479 0.073999 0.117596
8 0.145708 0.187077 0.015591 0.042720
8 0.520307 0.723721 0.024329 0.036142
8 0.547616 0.993101 0.060284 0.013797
8 0.656758 0.587261 0.028419 0.023394
8 0.684691 0.752617 0.031674 0.095705
1 0.521178 0.752525 0.010744 0.037922
1 0.443623 0.804570 0.020512 0.058430
8 0.426299 0.803423 0.015735 0.027905
1 0.422426 0.851438 0.027283 0.032928
1 0.409990 0.871155 0.007995 0.020641
1 0.262151 0.915608 0.027130 0.032039
1 0.051886 0.666568 0.008865 0.027052
1 0.143127 0.393805 0.016838 0.029272
1 0.329207 0.368558 0.010505 0.022344
1 0.395876 0.375425 0.016495 0.040163
1 0.505498 0.283867 0.021993 0.049013
1 0.477984 0.268550 0.014387 0.031995
1 0.564777 0.198094 0.018213 0.029952
8 0.562715 0.407760 0.019588 0.020422
8 0.474570 0.202519 0.008247 0.021103
1 0.334916 0.306604 0.011875 0.016884
1 0.400762 0.513344 0.017448 0.034914
1 0.443314 0.553939 0.009614 0.020730
1 0.669062 0.161827 0.007628 0.013900
1 0.687731 0.214709 0.017201 0.018131