8 0.309450 0.390742 0.040893 0.089857
8 0.275086 0.135807 0.041581 0.066031
8 0.420447 0.432970 0.037457 0.107556
8 0.212715 0.545950 0.015808 0.081688
1 0.374914 0.322668 0.021993 0.034037
8 0.181959 0.538802 0.018213 0.019741
1 0.238144 0.304289 0.019244 0.058543
1 0.292096 0.270592 0.013058 0.029272
1 0.162199 0.122192 0.024742 0.040163
1 0.061168 0.240300 0.017869 0.034037
1 0.039519 0.292716 0.019244 0.025868
1 0.037457 0.367257 0.021993 0.036079
1 0.016838 0.423077 0.021993 0.053778
1 0.102577 0.589176 0.026460 0.066031
1 0.207904 0.665078 0.017869 0.021784
1 0.265979 0.768550 0.013746 0.031314
8 0.198948 0.939319 0.060547 0.120001
1 0.254597 0.866381 0.030600 0.048050
8 0.010496 0.855293 0.020991 0.059877
8 0.095626 0.694510 0.030600 0.097579
8 0.188732 0.744038 0.007836 0.070967
8 0.374013 0.753463 0.009329 0.029569
8 0.395097 0.788947 0.026122 0.059139
8 0.392440 0.878148 0.015808 0.053097
8 0.340722 0.893125 0.007216 0.031314
8 0.441581 0.886998 0.020619 0.016338
8 0.425601 0.914227 0.020962 0.028591
8 0.276289 0.924098 0.014433 0.037440
8 0.239003 0.944860 0.020962 0.027229
8 0.289347 0.877808 0.010997 0.034717
8 0.658076 0.186521 0.009622 0.053097
8 0.864089 0.393465 0.027835 0.068074
8 0.780069 0.413887 0.023368 0.028591
8 0.713402 0.474132 0.022680 0.040163
8 0.921306 0.318584 0.006873 0.051736
8 0.775945 0.489789 0.022680 0.015657
8 0.727663 0.585432 0.069072 0.239619
8 0.904811 0.452689 0.017182 0.070796
8 0.675430 0.666780 0.022337 0.108237
8 0.957531 0.820568 0.083505 0.086453
8 0.968011 0.870078 0.030227 0.102384
8 0.740935 0.461651 0.064186 0.077619
8 0.843604 0.535759 0.079766 0.157826
8 0.561005 0.413548 0.066050 0.263880
8 0.621990 0.333560 0.025670 0.037933
8 0.630274 0.903393 0.040859 0.046497
1 0.924570 0.113683 0.056701 0.049013
1 0.671993 0.121852 0.014089 0.044929
1 0.891595 0.118756 0.021251 0.031314
1 0.809464 0.270007 0.016702 0.060855
1 0.633195 0.233080 0.016106 0.024814
1 0.545359 0.360108 0.011334 0.031905
1 0.936190 0.386947 0.021610 0.026130
1 0.559904 0.722050 0.036485 0.058932
1 0.550362 0.600573 0.012348 0.020570
1 0.742995 0.782649 0.016067 0.030022
1 0.911320 0.872209 0.020017 0.037213