1 0.946048 0.682437 0.022680 0.034717
8 0.168729 0.771954 0.021993 0.093941
8 0.136942 0.715453 0.016151 0.019061
1 0.323024 0.215112 0.016495 0.032675
1 0.370103 0.203199 0.017869 0.053778
1 0.397423 0.169163 0.020962 0.053778
1 0.409794 0.307012 0.020962 0.047651
1 0.734536 0.322668 0.014777 0.051736
8 0.967010 0.194350 0.019931 0.019741
8 0.899313 0.860109 0.064605 0.071477
1 0.924399 0.886317 0.021993 0.034037
1 0.826976 0.678353 0.018900 0.022464
8 0.659794 0.372362 0.045361 0.020422
8 0.560309 0.786930 0.040206 0.027229
8 0.029725 0.370320 0.041581 0.072158