6 0.953154 0.946985 0.051066 0.106031
6 0.957551 0.976124 0.022049 0.047751
6 0.986784 0.893876 0.026431 0.095253
6 0.992724 0.835744 0.014553 0.011231
6 0.941588 0.770046 0.013374 0.112350
6 0.844891 0.952373 0.039353 0.061796
6 0.837206 0.976857 0.028027 0.046285
6 0.822948 0.978078 0.013159 0.043844
8 0.735919 0.805996 0.038416 0.051779
6 0.886520 0.700973 0.032294 0.051779
6 0.876042 0.639180 0.031558 0.132378
6 0.946880 0.638447 0.015024 0.074249
6 0.778632 0.542023 0.012801 0.088302
6 0.776814 0.534883 0.030899 0.121142
6 0.754303 0.539460 0.014183 0.067050
6 0.721938 0.442317 0.051557 0.022958
6 0.633340 0.488397 0.038638 0.109257
6 0.586881 0.439874 0.050352 0.020028
7 0.726740 0.372708 0.014658 0.020516
7 0.705384 0.405925 0.009857 0.010747
6 0.541797 0.945659 0.066607 0.042348
7 0.533033 0.926101 0.033303 0.025973
6 0.637171 0.906716 0.025173 0.063435
6 0.592299 0.701529 0.016538 0.120190
6 0.522843 0.774045 0.031542 0.086949
6 0.513012 0.639925 0.060544 0.047860
6 0.453047 0.816521 0.044735 0.064719
7 0.427002 0.744241 0.030557 0.036092
6 0.334250 0.847830 0.042810 0.101030
6 0.261278 0.854533 0.025975 0.077521
6 0.239711 0.806553 0.014164 0.121838
6 0.509618 0.579488 0.034869 0.099519
6 0.373635 0.677354 0.043586 0.069512
6 0.355375 0.675321 0.036578 0.077583
6 0.256868 0.722395 0.055571 0.045512
6 0.231794 0.618931 0.027401 0.052187
7 0.337476 0.513951 0.030920 0.031554
7 0.261452 0.519805 0.022669 0.038757
6 0.479782 0.412661 0.022919 0.092844
6 0.485805 0.319562 0.049329 0.080707
7 0.552504 0.210551 0.016954 0.038230
6 0.576569 0.173993 0.034317 0.098615
6 0.471031 0.138339 0.022919 0.069785
7 0.337966 0.219047 0.023030 0.030948
6 0.319858 0.216013 0.021978 0.085562
6 0.252905 0.184511 0.032024 0.121415
6 0.373193 0.037723 0.060362 0.073956
7 0.376738 0.030636 0.015962 0.038089
6 0.209606 0.021946 0.028940 0.042401
6 0.204921 0.027303 0.042012 0.053115
7 0.206654 0.050115 0.019375 0.030352
6 0.198036 0.040006 0.033953 0.076356
6 0.200841 0.063404 0.039564 0.070333
7 0.168211 0.109636 0.011421 0.014584
6 0.125469 0.018210 0.010779 0.034929
7 0.132465 0.213898 0.008456 0.026016
6 0.047354 0.300344 0.026596 0.066417
6 0.040726 0.308993 0.027461 0.097362
7 0.011751 0.512032 0.022732 0.016376
7 0.156792 0.478686 0.021161 0.014282
7 0.145303 0.542738 0.004773 0.018651
7 0.239100 0.433150 0.023847 0.103352
7 0.110646 0.802474 0.010363 0.019612
7 0.004384 0.856804 0.007997 0.008481
6 0.397971 0.458673 0.036994 0.082399
8 0.395499 0.307155 0.017254 0.029963
8 0.511941 0.276773 0.007416 0.017130
7 0.730165 0.012832 0.007527 0.024173
7 0.794681 0.230408 0.025806 0.025459
6 0.955360 0.103876 0.034261 0.111156