2 0.041065 0.016338 0.017526 0.032675
6 0.115348 0.145124 0.042848 0.037866
6 0.074794 0.225733 0.044227 0.019880
0 0.133550 0.326332 0.018810 0.083570
6 0.068483 0.381212 0.027983 0.049013
6 0.174059 0.381552 0.018892 0.042886
6 0.235223 0.433814 0.022337 0.071168
6 0.037801 0.578564 0.021993 0.024385
6 0.032906 0.595853 0.030074 0.024926
3 0.059107 0.701498 0.024055 0.031995
6 0.075148 0.911845 0.036895 0.023826
8 0.094330 0.887709 0.027148 0.048952
6 0.188735 0.867247 0.022872 0.036632
6 0.250703 0.863877 0.035363 0.027277
1 0.185739 0.732471 0.045704 0.084411
8 0.148454 0.759700 0.030241 0.074881
8 0.160137 0.698434 0.019931 0.036760
8 0.256873 0.961538 0.074570 0.075562
8 0.348454 0.379850 0.030241 0.063989
8 0.378866 0.493533 0.041581 0.054459
6 0.372337 0.204561 0.018900 0.068754
6 0.388488 0.348536 0.038832 0.047651
6 0.467010 0.319605 0.021306 0.075562
6 0.449656 0.402995 0.007904 0.044929
6 0.326329 0.501089 0.023405 0.054036
6 0.363847 0.580309 0.015261 0.073050
6 0.324729 0.625377 0.038055 0.067636
3 0.330349 0.576181 0.016965 0.068631
0 0.409019 0.695804 0.032471 0.029020
6 0.286705 0.749399 0.047209 0.052917
6 0.449053 0.782664 0.015631 0.103109
6 0.470422 0.928286 0.045434 0.017395
6 0.945017 0.059224 0.011684 0.057182
6 0.741537 0.043001 0.031527 0.044698
6 0.776871 0.057789 0.025972 0.014854
6 0.801619 0.071818 0.024254 0.017018
6 0.764891 0.174998 0.037129 0.017391
6 0.856014 0.267869 0.038488 0.023826
8 0.800344 0.250511 0.041237 0.115725
6 0.604466 0.172045 0.028625 0.054627
6 0.643729 0.203540 0.032816 0.017699
0 0.623024 0.159632 0.026804 0.049694
6 0.571235 0.333431 0.041247 0.037863
6 0.534410 0.277994 0.012967 0.040337
3 0.618557 0.425119 0.032990 0.041525
6 0.672047 0.533123 0.015661 0.057340
6 0.553952 0.582798 0.028866 0.020599
6 0.585844 0.817684 0.008745 0.085720
1 0.586347 0.929544 0.037614 0.034717
8 0.583333 0.889040 0.016151 0.034037
6 0.661273 0.932948 0.008445 0.051055
6 0.752413 0.822918 0.016854 0.084628
0 0.822852 0.799523 0.036770 0.029272
6 0.870559 0.766167 0.022905 0.038802
8 0.838144 0.897209 0.090034 0.070796
8 0.864261 0.926481 0.029553 0.040844
6 0.898745 0.903893 0.045226 0.021226
6 0.944388 0.861580 0.010993 0.072223
8 0.844330 0.760381 0.020619 0.040844
8 0.821649 0.693669 0.021993 0.051736
8 0.967526 0.620150 0.025086 0.127978
8 0.821306 0.536419 0.017182 0.034037
1 0.849468 0.561266 0.052201 0.049694
3 0.870020 0.392444 0.018723 0.061947
6 0.856038 0.416332 0.007163 0.062170
6 0.963293 0.383022 0.017308 0.086164
6 0.773913 0.415026 0.010937 0.073035
6 0.786366 0.555017 0.013522 0.056048
8 0.969759 0.041865 0.023368 0.075562
8 0.885739 0.248809 0.017526 0.027910
8 0.501203 0.670865 0.016838 0.033356
0 0.525601 0.715453 0.029210 0.028591