3 0.930990 0.251913 0.017188 0.062295
3 0.935677 0.174317 0.029687 0.042623
3 0.751563 0.198907 0.026042 0.034973
3 0.648438 0.148634 0.027083 0.048087
3 0.642969 0.183607 0.032813 0.041530
3 0.778646 0.203279 0.033333 0.059016
3 0.637240 0.390710 0.028646 0.046995
3 0.655208 0.508197 0.015625 0.052459
3 0.641146 0.721311 0.035417 0.039344
3 0.727344 0.636066 0.033854 0.034973
3 0.666406 0.842623 0.040104 0.037158
3 0.874740 0.709836 0.021354 0.073224
3 0.857031 0.854098 0.021354 0.055738
3 0.944010 0.831148 0.018229 0.051366
3 0.927344 0.836612 0.019271 0.071038
3 0.908594 0.877596 0.020312 0.065574
3 0.755469 0.869945 0.016146 0.072131
3 0.772135 0.896175 0.015104 0.069945
3 0.775000 0.834973 0.021875 0.039344
3 0.365625 0.821311 0.015625 0.073224
3 0.304688 0.648634 0.033333 0.068852
3 0.200000 0.857923 0.032292 0.043716
3 0.161719 0.816393 0.030729 0.056831
3 0.132031 0.326230 0.025521 0.049180
3 0.129427 0.273770 0.018229 0.049180
3 0.108333 0.266120 0.030208 0.044809
3 0.047917 0.109836 0.029167 0.049180
3 0.235677 0.179235 0.032813 0.032787
3 0.327344 0.207650 0.019271 0.074317
3 0.334115 0.288525 0.024479 0.061202
3 0.375615 0.270475 0.029354 0.042656
3 0.423438 0.251366 0.020833 0.078689
3 0.392885 0.186560 0.018062 0.055579
3 0.423958 0.465574 0.022917 0.056831
8 0.076302 0.608197 0.022396 0.156284
8 0.289062 0.112568 0.031250 0.222951
8 0.782844 0.612959 0.016604 0.054956
3 0.396354 0.234973 0.030208 0.050273
3 0.405586 0.213355 0.012785 0.057311
3 0.738281 0.081967 0.014063 0.024044
3 0.130208 0.827322 0.028125 0.059016
8 0.783073 0.613661 0.015104 0.053552
3 0.147135 0.161749 0.014062 0.028415