1 0.799485 0.651464 0.029897 0.053097
1 0.843814 0.676310 0.017526 0.042886
8 0.928351 0.228387 0.142612 0.188564
8 0.762199 0.022805 0.036426 0.045609
8 0.980584 0.778761 0.027148 0.039483
8 0.792773 0.823411 0.019876 0.070657
8 0.789037 0.836953 0.017043 0.052208
8 0.903780 0.909803 0.052234 0.064670
8 0.120560 0.446903 0.006069 0.055140
8 0.056357 0.438393 0.031615 0.049013
8 0.085739 0.337985 0.014089 0.029272
8 0.345704 0.741321 0.060481 0.025868
8 0.212322 0.843901 0.010326 0.102798
8 0.048797 0.839346 0.052234 0.171545
8 0.350000 0.023485 0.016838 0.041525
1 0.059278 0.136147 0.014089 0.046290
1 0.153265 0.049013 0.029553 0.050374
1 0.145361 0.262764 0.021993 0.019061
1 0.346220 0.393125 0.013402 0.029272
1 0.192096 0.635126 0.021993 0.032675
1 0.130584 0.707284 0.013058 0.039483
1 0.547079 0.392066 0.023866 0.040720
1 0.564888 0.048682 0.016053 0.046172
1 0.672680 0.555140 0.018900 0.018380
1 0.652577 0.513615 0.010309 0.019741
1 0.632302 0.817563 0.016495 0.024506
1 0.484021 0.869639 0.020962 0.027910
1 0.571993 0.944458 0.015938 0.023151