4 0.942667 0.888375 0.022667 0.030383
8 0.922966 0.883111 0.024521 0.021086
4 0.877202 0.818209 0.029070 0.054466
4 0.889207 0.764596 0.028253 0.048086
4 0.862566 0.750199 0.017535 0.050461
4 0.841305 0.778600 0.024057 0.063258
4 0.866667 0.700793 0.034667 0.043593
4 0.791117 0.673052 0.021765 0.064729
4 0.770000 0.773952 0.017333 0.055795
4 0.738667 0.752930 0.030667 0.059590
4 0.730323 0.812417 0.026021 0.052840
4 0.766667 0.590489 0.018667 0.047556
4 0.685333 0.638045 0.026667 0.066050
4 0.579000 0.605065 0.018000 0.055392
4 0.843667 0.358653 0.016667 0.051519
4 0.323667 0.941876 0.022000 0.058124
4 0.316670 0.902906 0.024007 0.048877
4 0.347000 0.889634 0.031333 0.039210
4 0.342667 0.848745 0.033333 0.040951
4 0.008667 0.898231 0.016000 0.047659
4 0.067333 0.689564 0.017333 0.036988
4 0.211333 0.440555 0.018667 0.067371
4 0.182333 0.369881 0.019333 0.066050
4 0.029000 0.401585 0.031333 0.052840
4 0.252333 0.205416 0.020667 0.056803
4 0.232586 0.172391 0.030828 0.067371
8 0.987000 0.175532 0.026000 0.089506