4 0.110667 0.282695 0.024000 0.060766
4 0.331411 0.334940 0.019394 0.041444
4 0.234667 0.398945 0.022667 0.047560
4 0.206372 0.439303 0.036743 0.048225
4 0.233667 0.453104 0.020667 0.063408
4 0.207667 0.493122 0.028667 0.053614
4 0.265632 0.471326 0.024736 0.065556
4 0.286496 0.459041 0.026325 0.051535
4 0.322665 0.554822 0.018633 0.050198
4 0.326242 0.624732 0.018183 0.042067
4 0.290587 0.607662 0.026507 0.052840
4 0.207333 0.698151 0.036000 0.043593
4 0.143384 0.777215 0.028101 0.051911
4 0.120000 0.752312 0.017333 0.062087
4 0.255333 0.810436 0.030667 0.048877
4 0.727333 0.081902 0.022667 0.055482
4 0.710474 0.121532 0.024673 0.052840
4 0.719633 0.157325 0.019814 0.053091
4 0.690215 0.161823 0.015097 0.025099
4 0.748000 0.258682 0.032000 0.044444
4 0.681333 0.093131 0.028000 0.033025
4 0.694025 0.260898 0.011963 0.025099
4 0.695667 0.463672 0.018000 0.029062
4 0.837625 0.671836 0.024583 0.070367
4 0.931667 0.562087 0.024667 0.027741
4 0.924385 0.685334 0.018692 0.063943
4 0.900398 0.781374 0.024795 0.038309
4 0.866182 0.874505 0.031636 0.034346
4 0.775842 0.893723 0.029650 0.052590
4 0.710620 0.865059 0.037988 0.047114
4 0.949239 0.988111 0.029521 0.021136
4 0.980000 0.962267 0.026667 0.035498
4 0.368429 0.850066 0.022192 0.067371
8 0.403333 0.737175 0.092000 0.137494
4 0.422333 0.727873 0.030000 0.055482
4 0.922667 0.202114 0.028000 0.044914
4 0.989000 0.313386 0.020667 0.059493