8 0.690550 0.609258 0.040893 0.089857
8 0.724914 0.864193 0.041581 0.066031
8 0.579553 0.567030 0.037457 0.107556
8 0.787285 0.454050 0.015808 0.081688
1 0.625086 0.677332 0.021993 0.034037
8 0.818041 0.461198 0.018213 0.019741
1 0.761856 0.695711 0.019244 0.058543
1 0.707904 0.729408 0.013058 0.029272
1 0.837801 0.877808 0.024742 0.040163
1 0.938832 0.759700 0.017869 0.034037
1 0.960481 0.707284 0.019244 0.025868
1 0.962543 0.632743 0.021993 0.036079
1 0.983162 0.576923 0.021993 0.053778
1 0.897423 0.410824 0.026460 0.066031
1 0.792096 0.334922 0.017869 0.021784
1 0.734021 0.231450 0.013746 0.031314
8 0.801052 0.060681 0.060547 0.120001
1 0.745403 0.133619 0.030600 0.048050
8 0.989504 0.144707 0.020991 0.059877
8 0.904374 0.305490 0.030600 0.097579
8 0.811268 0.255962 0.007836 0.070967
8 0.625987 0.246537 0.009329 0.029569
8 0.604903 0.211053 0.026122 0.059139
8 0.607560 0.121852 0.015808 0.053097
8 0.659278 0.106875 0.007216 0.031314
8 0.558419 0.113002 0.020619 0.016338
8 0.574399 0.085773 0.020962 0.028591
8 0.723711 0.075902 0.014433 0.037440
8 0.760997 0.055140 0.020962 0.027229
8 0.710653 0.122192 0.010997 0.034717
8 0.341924 0.813479 0.009622 0.053097
8 0.135911 0.606535 0.027835 0.068074
8 0.219931 0.586113 0.023368 0.028591
8 0.286598 0.525868 0.022680 0.040163
8 0.078694 0.681416 0.006873 0.051736
8 0.224055 0.510211 0.022680 0.015657
8 0.272337 0.414568 0.069072 0.239619
8 0.095189 0.547311 0.017182 0.070796
8 0.324570 0.333220 0.022337 0.108237
8 0.042469 0.179432 0.083505 0.086453
8 0.031989 0.129922 0.030227 0.102384
8 0.259065 0.538349 0.064186 0.077619
8 0.156396 0.464241 0.079766 0.157826
8 0.438995 0.586452 0.066050 0.263880
8 0.378010 0.666440 0.025670 0.037933
8 0.369726 0.096607 0.040859 0.046497
1 0.075430 0.886317 0.056701 0.049013
1 0.328007 0.878148 0.014089 0.044929
1 0.108405 0.881244 0.021251 0.031314
1 0.190536 0.729993 0.016702 0.060855
1 0.366805 0.766920 0.016106 0.024814
1 0.454641 0.639892 0.011334 0.031905
1 0.063810 0.613053 0.021610 0.026130
1 0.440096 0.277950 0.036485 0.058932
1 0.449638 0.399427 0.012348 0.020570
1 0.257005 0.217351 0.016067 0.030022
1 0.088680 0.127791 0.020017 0.037213