8 0.020790 0.515997 0.041581 0.083050
8 0.221306 0.252553 0.071478 0.038121
8 0.124399 0.280803 0.028179 0.045609
8 0.268385 0.362832 0.043986 0.040844
8 0.414433 0.300885 0.094158 0.032675
1 0.381959 0.605174 0.033333 0.028591
1 0.352234 0.624915 0.015120 0.027229
1 0.394845 0.636487 0.026117 0.019061
1 0.332302 0.421035 0.010309 0.040163
1 0.170790 0.307352 0.016495 0.027910
1 0.065808 0.468686 0.012027 0.040163
1 0.145533 0.128999 0.021649 0.027910
1 0.107560 0.601089 0.010997 0.023145
8 0.315979 0.743022 0.011340 0.048332
8 0.205842 0.857386 0.026804 0.066031
1 0.105155 0.927502 0.009622 0.042886
1 0.126632 0.955071 0.010653 0.023145
1 0.466151 0.734854 0.014777 0.053778
1 0.587629 0.674268 0.015808 0.063308
1 0.480928 0.746767 0.012027 0.035398
1 0.615464 0.437032 0.026117 0.038121
1 0.505326 0.348877 0.016151 0.025187
1 0.431443 0.323690 0.015464 0.025187
1 0.602234 0.307012 0.014089 0.035398
1 0.671649 0.395507 0.019588 0.019061
8 0.750859 0.858407 0.360825 0.070796
1 0.440378 0.946222 0.026460 0.039483
1 0.514605 0.992172 0.015464 0.014295
1 0.633333 0.941457 0.011684 0.021784
1 0.719588 0.940095 0.015808 0.028591
1 0.757045 0.912185 0.013746 0.032675
8 0.890034 0.987747 0.081787 0.023145
8 0.953952 0.969027 0.018557 0.023826
1 0.799828 0.482982 0.018213 0.057862
1 0.719072 0.426821 0.016838 0.027229
1 0.841409 0.409122 0.033333 0.055820
1 0.897938 0.387338 0.023368 0.025868
8 0.910825 0.398570 0.060137 0.060585
8 0.735739 0.432267 0.022680 0.029952
8 0.621478 0.131042 0.043643 0.086453
1 0.661512 0.236555 0.012371 0.030633
1 0.667526 0.140572 0.012027 0.018380
1 0.738316 0.174949 0.012027 0.019061
1 0.497239 0.120173 0.015808 0.025187
1 0.393471 0.054118 0.013058 0.022464
8 0.871134 0.127638 0.039175 0.173587
8 0.416554 0.620989 0.123870 0.023731