6 0.052616 0.100178 0.049827 0.098214
6 0.053546 0.080290 0.022187 0.041741
6 0.039230 0.125713 0.011155 0.049107
6 0.093395 0.134061 0.008924 0.140445
6 0.203275 0.209072 0.021071 0.111227
6 0.212602 0.053772 0.071332 0.061875
6 0.141425 0.291449 0.071890 0.052545
6 0.196179 0.457184 0.026091 0.092566
6 0.286041 0.430544 0.022373 0.122767
6 0.316192 0.439567 0.016361 0.112822
6 0.333916 0.451783 0.024542 0.019643
6 0.299955 0.604013 0.069411 0.057946
6 0.339277 0.590263 0.016051 0.137499
6 0.401778 0.731937 0.056768 0.143883
6 0.442309 0.706646 0.029252 0.063839
6 0.475651 0.751702 0.020080 0.136762
6 0.481849 0.687127 0.021071 0.071450
6 0.393474 0.864279 0.030243 0.113928
6 0.471716 0.893007 0.015060 0.034866
6 0.094033 0.791940 0.044415 0.011780
6 0.143465 0.833907 0.028804 0.139889
6 0.177566 0.809611 0.028991 0.024297
6 0.100816 0.933486 0.010779 0.067368
6 0.180981 0.967231 0.038143 0.064176
6 0.458646 0.254122 0.022618 0.018103
6 0.383252 0.304132 0.026731 0.143467
6 0.469498 0.075467 0.029701 0.071508
6 0.533925 0.302548 0.033356 0.026250
6 0.588264 0.041894 0.027925 0.083789
6 0.689560 0.113888 0.039423 0.127446
6 0.725560 0.135852 0.036411 0.188728
6 0.826684 0.090297 0.006639 0.073213
6 0.914086 0.091653 0.034974 0.016270
6 0.965315 0.175441 0.051879 0.014643
6 0.881952 0.328173 0.055576 0.069011
6 0.653354 0.473420 0.017340 0.063259
6 0.585725 0.644382 0.040395 0.077038
6 0.631765 0.659541 0.013548 0.116302
6 0.715158 0.871208 0.016497 0.146744
6 0.696936 0.910783 0.009283 0.090457
6 0.888529 0.834414 0.021371 0.026706
6 0.930871 0.822446 0.021770 0.022948
6 0.970816 0.613100 0.025365 0.018299
6 0.913595 0.703357 0.007989 0.035608
6 0.663216 0.077474 0.010202 0.051121
7 0.315464 0.188904 0.015120 0.015657
7 0.181959 0.125936 0.010653 0.016338
7 0.132818 0.085432 0.009278 0.012934
7 0.147595 0.055480 0.012027 0.008850
7 0.054467 0.005106 0.009278 0.010211
7 0.050859 0.197413 0.019244 0.029952
7 0.069931 0.183799 0.012715 0.024506
7 0.040034 0.261743 0.007216 0.037440
7 0.194502 0.156909 0.010997 0.014295
7 0.210653 0.079306 0.009622 0.025187
7 0.150515 0.275357 0.008935 0.017018
7 0.169416 0.369299 0.012371 0.022464
7 0.209278 0.320967 0.012371 0.022464
7 0.316323 0.302927 0.007216 0.023145
7 0.342440 0.314159 0.014089 0.021103
7 0.357216 0.286249 0.006529 0.023826
7 0.353780 0.250851 0.008591 0.017018
7 0.344330 0.203880 0.008247 0.019741
7 0.329210 0.075221 0.008935 0.017018
7 0.309278 0.056161 0.013058 0.014295
7 0.360137 0.174609 0.007560 0.015657
7 0.386770 0.242682 0.006529 0.021103
7 0.471821 0.316201 0.015120 0.019741
7 0.478007 0.179714 0.008247 0.019061
7 0.478866 0.118448 0.008591 0.021784
7 0.212201 0.143571 0.009735 0.019286
7 0.067288 0.371747 0.019304 0.046980
7 0.057429 0.363007 0.011444 0.024037
7 0.046605 0.351808 0.005515 0.021306
7 0.090970 0.469989 0.008894 0.015117
7 0.143643 0.326072 0.006186 0.014976
7 0.161684 0.477536 0.007904 0.017018
7 0.172852 0.509530 0.008247 0.014295
7 0.108419 0.487066 0.012027 0.017018
7 0.109450 0.526208 0.009278 0.021784
7 0.234192 0.496596 0.012027 0.017018
7 0.267698 0.518720 0.010997 0.020422
7 0.249485 0.566712 0.010309 0.030633
7 0.236426 0.589857 0.009622 0.011572
7 0.432302 0.493193 0.011684 0.014295
7 0.334536 0.476174 0.012715 0.014295
7 0.371478 0.598026 0.009622 0.018380
7 0.356701 0.642954 0.008935 0.014295
7 0.338144 0.701838 0.008935 0.020422
7 0.302749 0.660994 0.008247 0.023145
7 0.235911 0.673247 0.008591 0.028591
7 0.120962 0.615385 0.008935 0.014976
7 0.091409 0.608237 0.010997 0.021103
7 0.115292 0.635807 0.013402 0.014976
7 0.164948 0.701838 0.010997 0.043567
7 0.130069 0.667120 0.016151 0.016338
7 0.260997 0.786249 0.010653 0.024506
7 0.225945 0.949285 0.012027 0.018380
7 0.193814 0.925562 0.006186 0.021308
7 0.131271 0.641933 0.014434 0.017699
7 0.045189 0.794418 0.009966 0.016338
7 0.041409 0.919333 0.014089 0.021103
7 0.460309 0.886998 0.009278 0.028591
7 0.463978 0.863785 0.010653 0.010756
7 0.434192 0.689925 0.007216 0.029272
7 0.449656 0.646698 0.006529 0.014976
7 0.465979 0.923758 0.006873 0.012253
7 0.488144 0.938053 0.005842 0.031314
7 0.538832 0.054118 0.008247 0.022464
7 0.528866 0.184820 0.015120 0.019741
7 0.562715 0.134105 0.012027 0.014976
7 0.595876 0.146358 0.008935 0.021784
7 0.523196 0.115385 0.007904 0.019741
7 0.628694 0.197413 0.015464 0.013615
7 0.605842 0.236555 0.013746 0.018380
7 0.649828 0.275017 0.009622 0.014976
7 0.694674 0.224302 0.007216 0.026549
7 0.716495 0.051736 0.007560 0.020422
7 0.704467 0.326413 0.007560 0.026549
7 0.719416 0.316201 0.014089 0.019741
7 0.734192 0.318244 0.012027 0.017018
7 0.630584 0.357386 0.013746 0.023145
7 0.561684 0.318584 0.009278 0.010892
7 0.551890 0.373724 0.006186 0.017699
7 0.604296 0.428523 0.007216 0.021103
7 0.560825 0.553778 0.006873 0.018380
7 0.531615 0.569095 0.008247 0.021784
7 0.599313 0.532675 0.008247 0.023826
7 0.613402 0.548673 0.016495 0.017699
7 0.539863 0.630361 0.009622 0.023145
7 0.532131 0.693669 0.009966 0.014976
7 0.553436 0.694690 0.009966 0.015657
7 0.576460 0.675630 0.007216 0.018380
7 0.673368 0.665419 0.020962 0.026549
7 0.687457 0.578965 0.008591 0.029272
7 0.712027 0.575562 0.015120 0.019741
7 0.715636 0.627638 0.007216 0.025868
7 0.696220 0.664398 0.008935 0.038121
7 0.707732 0.688223 0.006529 0.021784
7 0.616323 0.731790 0.013402 0.019061
7 0.659107 0.737236 0.010997 0.017699
7 0.545533 0.775017 0.011340 0.018380
7 0.583849 0.831858 0.013746 0.017699
7 0.529381 0.861470 0.009278 0.025187
7 0.578522 0.879850 0.012715 0.022464
7 0.605326 0.914568 0.009966 0.025187
7 0.626460 0.913206 0.008935 0.022464
7 0.547595 0.943839 0.009966 0.023826
7 0.961684 0.769912 0.009966 0.031314
7 0.888832 0.765146 0.014089 0.019061
7 0.966323 0.689244 0.010997 0.015657
7 0.962887 0.643295 0.010309 0.020422
7 0.966495 0.898570 0.007904 0.016338
7 0.808247 0.595303 0.012371 0.018380
7 0.790378 0.590197 0.008935 0.020422
7 0.767526 0.441116 0.010653 0.025868
7 0.817869 0.432607 0.015808 0.027910
7 0.835052 0.353642 0.011684 0.044248
7 0.845704 0.366576 0.006186 0.022464
7 0.876117 0.366916 0.012715 0.019061
7 0.869228 0.448694 0.009311 0.011070
7 0.851890 0.511232 0.006186 0.023145
7 0.826460 0.560926 0.008247 0.019061
7 0.874227 0.580327 0.006873 0.021103
7 0.916323 0.574541 0.016151 0.023145
7 0.906014 0.487406 0.008591 0.019061
7 0.917698 0.456093 0.009278 0.016338
7 0.952921 0.514976 0.010997 0.015657
7 0.927148 0.350579 0.009622 0.017699
7 0.824416 0.242522 0.015156 0.020061
7 0.893814 0.266848 0.010309 0.017699
7 0.916151 0.291695 0.012371 0.014295
6 0.926460 0.227025 0.013746 0.017018
7 0.978866 0.299864 0.009278 0.022464
7 0.950094 0.045341 0.008545 0.018137
7 0.956808 0.054410 0.007731 0.021764
7 0.977154 0.054158 0.004476 0.030933
7 0.964234 0.091691 0.006714 0.017331
7 0.904825 0.181165 0.009563 0.016524
7 0.875527 0.194112 0.012818 0.009170
7 0.870136 0.270286 0.004069 0.015820
7 0.865354 0.282730 0.011597 0.012494
7 0.884581 0.272251 0.012207 0.008464
7 0.963319 0.264946 0.005290 0.020454
7 0.958741 0.282780 0.009563 0.019044
7 0.724398 0.824015 0.005663 0.020359
7 0.633877 0.731450 0.016412 0.027377
7 0.643848 0.709279 0.014196 0.012201
7 0.528204 0.498455 0.006298 0.024195
7 0.532497 0.518019 0.006870 0.010397
7 0.649102 0.470290 0.006107 0.032134
7 0.656541 0.066018 0.011685 0.036840
7 0.426072 0.429612 0.010808 0.017698
7 0.429477 0.440174 0.010915 0.013702
7 0.382721 0.843021 0.004868 0.027722
7 0.403053 0.924782 0.014096 0.020089
7 0.078381 0.665762 0.004202 0.023781
7 0.087960 0.652287 0.009854 0.011890
7 0.098464 0.773965 0.012855 0.022988
7 0.116845 0.774790 0.005701 0.016094
7 0.346771 0.633914 0.006113 0.011833
7 0.338721 0.565687 0.006907 0.010724
7 0.392775 0.115947 0.010427 0.012910
7 0.344060 0.051559 0.008146 0.006777
7 0.299337 0.202121 0.008309 0.012265
7 0.510176 0.641302 0.006677 0.018422
7 0.614811 0.811052 0.008031 0.009428