2 0.818385 0.909462 0.014089 0.061266
1 0.848110 0.917631 0.043299 0.085773
1 0.605326 0.919745 0.016838 0.110422
6 0.836770 0.811777 0.017869 0.031995
6 0.850515 0.780803 0.030928 0.029952
6 0.785395 0.888359 0.012027 0.061266
3 0.861684 0.716133 0.018900 0.061266
6 0.634880 0.641933 0.035395 0.023145
3 0.862715 0.624915 0.022337 0.065351
6 0.824742 0.534377 0.036426 0.020422
8 0.937973 0.507828 0.023024 0.039483
6 0.981615 0.393805 0.018900 0.072839
6 0.959794 0.372362 0.014433 0.066712
6 0.914433 0.324030 0.013058 0.070796
1 0.811684 0.342750 0.022680 0.153165
6 0.664261 0.314698 0.027491 0.038519
6 0.634021 0.285568 0.048797 0.042886
8 0.538488 0.272294 0.028866 0.066712
6 0.907732 0.172226 0.016151 0.073519
6 0.961684 0.149762 0.031959 0.038121
1 0.985395 0.102830 0.029210 0.047573
2 0.677835 0.189585 0.024399 0.066031
6 0.641409 0.149081 0.025773 0.027229
8 0.592440 0.033016 0.035052 0.064670
8 0.377148 0.951668 0.038832 0.074881
6 0.389347 0.830497 0.008935 0.073519
3 0.114433 0.830157 0.028866 0.060585
3 0.458935 0.713751 0.025773 0.036079
6 0.332474 0.567393 0.035395 0.023826
3 0.276804 0.585432 0.033333 0.039483
1 0.447766 0.547311 0.017182 0.061266
1 0.359794 0.421035 0.019244 0.098707
2 0.295704 0.476855 0.016151 0.071477
3 0.276632 0.405378 0.021306 0.057862
6 0.176289 0.580667 0.013058 0.087134
0 0.169244 0.483322 0.034708 0.043567
3 0.124227 0.548673 0.020962 0.061266
8 0.243986 0.330157 0.052921 0.098026
0 0.257216 0.259700 0.028522 0.038802
6 0.425773 0.428523 0.017869 0.063308
6 0.429038 0.495575 0.021649 0.039483
6 0.120275 0.393465 0.019244 0.027229
6 0.043299 0.310756 0.027491 0.015657
8 0.009107 0.223622 0.017526 0.079646
8 0.103436 0.022124 0.035052 0.042886
6 0.313058 0.159632 0.019931 0.068754
6 0.399656 0.124234 0.023368 0.033356
6 0.303265 0.075221 0.031959 0.036079
6 0.202577 0.151123 0.025773 0.054459
3 0.224399 0.097345 0.018557 0.063989
1 0.165947 0.152106 0.018784 0.092257
6 0.177011 0.130953 0.008491 0.057087
6 0.118088 0.118975 0.014152 0.032112
6 0.069723 0.875737 0.011251 0.057013
6 0.101807 0.740720 0.033556 0.020214
1 0.189093 0.868394 0.019247 0.082274
0 0.205301 0.853010 0.014520 0.067559
6 0.575125 0.318923 0.014393 0.073749
6 0.572689 0.257690 0.015640 0.075882
6 0.695227 0.140165 0.010030 0.068248
6 0.680862 0.140782 0.024026 0.056911
1 0.567323 0.113426 0.030608 0.089887
6 0.899761 0.459786 0.018330 0.049925
6 0.775122 0.752643 0.016497 0.096674
6 0.773174 0.713610 0.010310 0.063995
8 0.627835 0.792716 0.028179 0.056501
8 0.806873 0.674268 0.054983 0.097345