2 0.178351 0.215793 0.026117 0.073519
2 0.294330 0.269912 0.015464 0.064670
2 0.391581 0.307012 0.014777 0.058543
8 0.181959 0.338325 0.038144 0.055820
2 0.344158 0.650102 0.018213 0.077604
2 0.416323 0.583390 0.018213 0.078965
2 0.405498 0.658611 0.015120 0.060585
2 0.018213 0.697073 0.028866 0.050374
2 0.038660 0.655548 0.018213 0.053097
2 0.099656 0.731110 0.016495 0.073519
8 0.160997 0.820967 0.011340 0.032675
2 0.312543 0.735875 0.034708 0.047651
2 0.437629 0.879510 0.020275 0.080327
2 0.640722 0.168142 0.014089 0.066712
2 0.536426 0.385636 0.021993 0.066031
8 0.830241 0.153506 0.014433 0.034717
8 0.934708 0.455412 0.011684 0.024506
2 0.917526 0.149081 0.030241 0.029952
2 0.966667 0.134786 0.017182 0.061266
2 0.929897 0.248809 0.034364 0.068754
2 0.850172 0.423417 0.039175 0.039483
2 0.880069 0.443159 0.017869 0.063989
2 0.980412 0.523145 0.015120 0.060585
2 0.684708 0.678353 0.021649 0.066031
2 0.752234 0.819265 0.019931 0.064670