2 0.202405 0.020082 0.041237 0.040163
2 0.235395 0.049353 0.025430 0.037440
2 0.459622 0.081007 0.032646 0.051736
2 0.004639 0.267189 0.009278 0.023826
2 0.171649 0.310075 0.016838 0.068754
2 0.469632 0.298843 0.028611 0.050374
2 0.011540 0.597990 0.021593 0.040092
2 0.207904 0.529272 0.019931 0.063308
2 0.163058 0.749489 0.012715 0.032675
8 0.226460 0.749149 0.008247 0.015657
8 0.090034 0.746426 0.006873 0.012934
2 0.253608 0.820286 0.026117 0.042206
2 0.035339 0.980375 0.033790 0.037888
2 0.697079 0.152144 0.015464 0.059224
2 0.626117 0.185160 0.019244 0.057182
2 0.687113 0.220218 0.020962 0.059224
2 0.813230 0.068074 0.034021 0.029952
2 0.937285 0.227366 0.029210 0.050374
2 0.971993 0.213751 0.014777 0.061266
2 0.706873 0.659632 0.036426 0.040844
8 0.625258 0.905718 0.009966 0.021103
8 0.553265 0.961879 0.014433 0.023145
2 0.617354 0.930565 0.027835 0.029952
2 0.707045 0.863172 0.016151 0.069435