0 0.159155 0.119793 0.016357 0.080292
0 0.145520 0.162457 0.038293 0.044861
0 0.122000 0.110304 0.025333 0.038309
0 0.130333 0.051519 0.032667 0.029062
0 0.188000 0.027741 0.032000 0.031704
0 0.150333 0.249670 0.039333 0.029062
0 0.201667 0.313738 0.040667 0.030383
0 0.028000 0.159841 0.024000 0.029062
0 0.005000 0.050859 0.010000 0.025099
0 0.309449 0.171716 0.043769 0.031733
0 0.275667 0.342801 0.038000 0.030383
0 0.405333 0.138295 0.024000 0.067871
0 0.448000 0.199582 0.016000 0.084765
0 0.381667 0.418744 0.040667 0.047528
0 0.450000 0.437913 0.021333 0.046235
0 0.473667 0.396740 0.014000 0.077497
0 0.494512 0.266182 0.037643 0.033025
0 0.512667 0.410172 0.045333 0.030383
0 0.286000 0.526420 0.045333 0.067371
0 0.242667 0.489432 0.025333 0.040951
0 0.188333 0.475561 0.038000 0.031704
0 0.078333 0.477543 0.034000 0.025099
0 0.061185 0.625793 0.036000 0.054756
0 0.170667 0.607662 0.016000 0.076618
0 0.083667 0.707398 0.040667 0.030383
0 0.151667 0.714003 0.034000 0.030383
0 0.275000 0.741083 0.042000 0.029062
0 0.307667 0.750991 0.038000 0.030383
0 0.174056 0.844782 0.029445 0.072655
0 0.231667 0.931308 0.034000 0.047556
0 0.112333 0.974240 0.016667 0.048877
0 0.340313 0.867634 0.026076 0.058528
0 0.417558 0.556018 0.027117 0.080020
0 0.445000 0.573316 0.027333 0.031704
0 0.428667 0.610304 0.033333 0.031704
0 0.466333 0.794584 0.015333 0.040951
0 0.572000 0.929326 0.044000 0.030383
0 0.574000 0.573316 0.036000 0.036988
0 0.484000 0.055482 0.041333 0.031704
0 0.515383 0.086526 0.015302 0.075297
0 0.548333 0.107001 0.040667 0.029062
0 0.668000 0.126156 0.018667 0.077939
0 0.555586 0.191546 0.015173 0.089828
0 0.652667 0.324306 0.036000 0.043593
0 0.550000 0.359974 0.036000 0.030383
0 0.548786 0.399628 0.015761 0.059396
0 0.854667 0.248184 0.036000 0.047226
0 0.952191 0.091549 0.037696 0.050958
0 0.949667 0.027081 0.015333 0.054161
0 0.817667 0.298547 0.032667 0.029062
0 0.834000 0.367239 0.029333 0.034346
0 0.806333 0.438573 0.031333 0.029062
0 0.749333 0.482166 0.036000 0.031704
0 0.853333 0.585099 0.022667 0.068481
0 0.980333 0.487333 0.032667 0.031939
0 0.880605 0.888260 0.014790 0.090919
0 0.923157 0.708719 0.027647 0.070013
0 0.946000 0.931219 0.014667 0.052663
0 0.772667 0.796565 0.038667 0.034346
0 0.756333 0.743725 0.042000 0.031704
0 0.689333 0.582563 0.042667 0.031704
8 0.311209 0.788377 0.018183 0.031991
8 0.327254 0.864079 0.029892 0.036425
8 0.332000 0.201453 0.084000 0.101717
0 0.569215 0.252587 0.016374 0.077058
0 0.579509 0.260996 0.020106 0.063818
0 0.535834 0.307575 0.018131 0.018967
8 0.552733 0.277281 0.065120 0.087494
8 0.957761 0.273453 0.026159 0.050172
8 0.834180 0.258709 0.014421 0.082485
0 0.529573 0.958768 0.013876 0.062901
0 0.634812 0.750672 0.028635 0.069399
0 0.657785 0.753724 0.029006 0.035717
0 0.848762 0.898363 0.031707 0.038433
0 0.924157 0.904637 0.025043 0.029806
8 0.835000 0.736460 0.015333 0.033025
8 0.719333 0.813078 0.014667 0.033025
8 0.802046 0.941915 0.156379 0.035316
8 0.898567 0.909775 0.026578 0.034696
8 0.972988 0.923483 0.052691 0.025248