1 0.241100 0.054459 0.014020 0.050374
1 0.068557 0.237917 0.026460 0.027910
8 0.115636 0.250511 0.081443 0.249149
1 0.079210 0.007148 0.010653 0.014295
8 0.275601 0.464942 0.025430 0.023145
8 0.346907 0.744044 0.012715 0.039483
8 0.453608 0.236215 0.013058 0.117086
8 0.765636 0.107216 0.100344 0.046971
1 0.289519 0.232471 0.020962 0.025187
1 0.384536 0.262423 0.015120 0.025187
1 0.409450 0.224643 0.011340 0.024506
1 0.481787 0.336283 0.019244 0.024506
1 0.253265 0.461879 0.014433 0.030633
1 0.242440 0.524506 0.020275 0.029272
1 0.239003 0.479238 0.013402 0.021784
1 0.166667 0.427502 0.017182 0.035398
1 0.049656 0.120490 0.009966 0.023145
1 0.010309 0.253574 0.012371 0.025187
1 0.100000 0.890061 0.032302 0.036079
1 0.067010 0.558543 0.013746 0.023826
1 0.121993 0.755616 0.014433 0.031314
1 0.191581 0.743703 0.015464 0.031995
1 0.356357 0.646358 0.017869 0.030633
1 0.282734 0.338193 0.011355 0.017909
1 0.279054 0.320075 0.016191 0.015826
1 0.273482 0.448144 0.011355 0.019566
1 0.359272 0.585385 0.012616 0.024990
1 0.472852 0.614023 0.013058 0.043567
1 0.318213 0.849898 0.019244 0.046971
1 0.361684 0.911164 0.031271 0.046971
1 0.488660 0.708664 0.015808 0.038158
1 0.524742 0.750851 0.016495 0.023145
1 0.555155 0.703880 0.011340 0.034037
1 0.610825 0.758679 0.016838 0.023826
1 0.623024 0.736896 0.010309 0.026549
1 0.707904 0.888700 0.014433 0.025187
1 0.732913 0.871001 0.012525 0.033356
1 0.707216 0.726685 0.011684 0.029272
1 0.687973 0.955752 0.037113 0.050374
1 0.901203 0.765146 0.015464 0.027229
1 0.879897 0.662696 0.020275 0.034717
1 0.838316 0.581724 0.015464 0.018309
1 0.968900 0.632063 0.014777 0.037440
1 0.695189 0.415589 0.019244 0.036079
1 0.846392 0.326753 0.012371 0.021784
1 0.868385 0.139891 0.013058 0.036079
1 0.816495 0.213751 0.013058 0.017699
1 0.975258 0.125936 0.009622 0.024506
1 0.847079 0.005106 0.012371 0.010211
8 0.992955 0.424098 0.013402 0.035398
1 0.849824 0.918881 0.013941 0.014332
1 0.841089 0.927794 0.008470 0.023070
1 0.996995 0.758046 0.005323 0.022345