8 0.246421 0.177638 0.082141 0.172528
8 0.169759 0.013274 0.007560 0.019741
8 0.087113 0.036419 0.011340 0.053778
8 0.260825 0.269912 0.024742 0.033356
8 0.276460 0.304969 0.023711 0.031314
8 0.460309 0.130701 0.006529 0.027229
8 0.439863 0.057862 0.014433 0.032675
8 0.031271 0.331178 0.026804 0.076923
8 0.086426 0.335262 0.045017 0.042886
8 0.161340 0.446562 0.024399 0.107556
8 0.180756 0.423077 0.013058 0.053778
8 0.236942 0.557182 0.082818 0.089176
8 0.196048 0.693329 0.051890 0.036079
8 0.076289 0.617767 0.015808 0.033356
8 0.277320 0.670865 0.035052 0.033356
8 0.165120 0.855003 0.007216 0.058543
8 0.267010 0.848196 0.019244 0.035398
8 0.025086 0.739959 0.010309 0.031314
8 0.415464 0.831858 0.013746 0.042206
8 0.383677 0.788632 0.025773 0.011572
8 0.741753 0.178353 0.068385 0.196052
8 0.603780 0.105174 0.021993 0.031995
8 0.788660 0.110279 0.027491 0.076242
8 0.803093 0.372022 0.025430 0.029272
8 0.866667 0.212730 0.052234 0.350579
8 0.895333 0.020122 0.030312 0.040244
8 0.944133 0.052168 0.105555 0.103059
8 0.992264 0.103165 0.014785 0.206329
8 0.920447 0.197413 0.027148 0.098026
8 0.935395 0.437713 0.008247 0.024506
8 0.738316 0.272294 0.012027 0.017699
8 0.746907 0.304969 0.014089 0.016338
8 0.766495 0.325391 0.006529 0.016338
8 0.624570 0.340368 0.007904 0.034037
8 0.592268 0.364193 0.014089 0.028591
8 0.653780 0.382914 0.009966 0.029272
8 0.703608 0.516338 0.034021 0.060585
8 0.680928 0.588496 0.025773 0.074200
8 0.703608 0.517018 0.031271 0.059224
8 0.548110 0.673587 0.035052 0.075562
8 0.530756 0.734513 0.006529 0.040844
8 0.606873 0.794758 0.021993 0.011572
8 0.877835 0.481961 0.017526 0.043567
8 0.971306 0.515997 0.056701 0.024506
8 0.970275 0.592240 0.033333 0.025868
8 0.967869 0.425119 0.031271 0.034717
8 0.981615 0.638189 0.009278 0.022464
8 0.891924 0.865555 0.022337 0.095984
8 0.861168 0.845473 0.022680 0.019061
8 0.967010 0.919333 0.030928 0.086453
8 0.686942 0.891082 0.020619 0.019061
8 0.581309 0.251600 0.045629 0.059359
1 0.295189 0.135807 0.017869 0.036079
1 0.109794 0.144316 0.023024 0.062628
1 0.358763 0.532675 0.019244 0.070116
1 0.251890 0.326072 0.010997 0.023145
1 0.298454 0.582709 0.015464 0.027229
1 0.343643 0.537100 0.010309 0.017699
1 0.056014 0.711709 0.019931 0.059224
1 0.037285 0.682097 0.010653 0.046290
1 0.321306 0.899592 0.017869 0.030633
1 0.386254 0.891763 0.017869 0.034037
1 0.093986 0.900272 0.012027 0.025187
1 0.049141 0.882914 0.009622 0.023145
1 0.414261 0.958135 0.011340 0.021103
1 0.562199 0.154867 0.013058 0.033356
1 0.601203 0.198434 0.018213 0.019741
1 0.564777 0.209666 0.025086 0.034037
1 0.638488 0.391763 0.014433 0.030633
1 0.542550 0.331319 0.009671 0.025243
1 0.535496 0.353858 0.009444 0.018933
1 0.946564 0.145337 0.022337 0.042886
1 0.900859 0.293737 0.013402 0.022464
1 0.874055 0.350238 0.022337 0.033356
1 0.718213 0.436351 0.028179 0.042206
1 0.863574 0.529272 0.019244 0.030633
1 0.955155 0.758679 0.012715 0.026549
1 0.883732 0.590983 0.013493 0.016624
1 0.892782 0.608748 0.007240 0.018906
1 0.644502 0.572498 0.012027 0.021784