6 0.855756 0.870426 0.011512 0.075516
6 0.809037 0.854244 0.034570 0.030019
6 0.725167 0.884263 0.009097 0.067543
6 0.750197 0.780838 0.010655 0.085835
6 0.615292 0.895966 0.027467 0.056944
6 0.611736 0.884591 0.024159 0.023875
6 0.573782 0.867729 0.017668 0.085836
7 0.554296 0.936444 0.006873 0.028142
3 0.542955 0.886317 0.033677 0.053097
3 0.771821 0.781824 0.021993 0.056501
6 0.653591 0.540294 0.016101 0.071215
6 0.697251 0.518720 0.025430 0.036760
6 0.724288 0.532722 0.033897 0.045517
6 0.561579 0.528931 0.009755 0.053097
6 0.567521 0.492853 0.034333 0.028592
1 0.693814 0.436351 0.046735 0.065351
6 0.681767 0.094848 0.019891 0.041295
6 0.956623 0.216565 0.029922 0.039666
6 0.906014 0.223622 0.029210 0.056501
8 0.889003 0.074200 0.017182 0.078965
8 0.958419 0.161334 0.019931 0.042206
3 0.978179 0.076841 0.024399 0.080490
3 0.934536 0.015657 0.017526 0.029952
6 0.978952 0.334985 0.022509 0.042332
8 0.870447 0.489789 0.017182 0.064670
8 0.887113 0.825051 0.016151 0.051736
8 0.658419 0.710688 0.017182 0.053097
8 0.574055 0.618788 0.018900 0.036760
8 0.968385 0.983662 0.021306 0.032675
7 0.962027 0.872022 0.012715 0.014976
7 0.949656 0.914908 0.007904 0.025868
3 0.263784 0.975834 0.014722 0.048332
6 0.263503 0.889253 0.020073 0.053522
6 0.309855 0.787033 0.021773 0.047445
0 0.302129 0.703101 0.018004 0.062824
6 0.323540 0.653165 0.015464 0.067393
0 0.174914 0.582029 0.014433 0.080327
0 0.104467 0.536079 0.028179 0.026549
6 0.072091 0.551781 0.030780 0.033265
6 0.006211 0.744780 0.011735 0.054484
8 0.059278 0.728727 0.045704 0.064670
8 0.419244 0.911845 0.054983 0.048332
6 0.417535 0.775555 0.028197 0.055424
0 0.418213 0.708785 0.027491 0.038401
6 0.434027 0.429650 0.028879 0.016860
6 0.373619 0.429463 0.019773 0.077933
8 0.280584 0.042886 0.021649 0.084411
3 0.469416 0.219537 0.015120 0.068754
6 0.172408 0.239687 0.017435 0.047516
6 0.203436 0.373724 0.019244 0.042206
3 0.137457 0.434309 0.018557 0.053097
3 0.057216 0.417631 0.019588 0.063308
3 0.012199 0.321988 0.023711 0.039483
8 0.075086 0.185160 0.018213 0.065351
0 0.325773 0.034037 0.022680 0.066712
6 0.462199 0.558203 0.020619 0.028591