2 0.958935 0.983662 0.017526 0.032675
6 0.884652 0.854876 0.042848 0.037866
6 0.925206 0.774267 0.044227 0.019880
0 0.866450 0.673668 0.018810 0.083570
6 0.931517 0.618788 0.027983 0.049013
6 0.825941 0.618448 0.018892 0.042886
6 0.764777 0.566186 0.022337 0.071168
6 0.962199 0.421436 0.021993 0.024385
6 0.967094 0.404147 0.030074 0.024926
3 0.940893 0.298502 0.024055 0.031995
6 0.924852 0.088155 0.036895 0.023826
8 0.905670 0.112291 0.027148 0.048952
6 0.811265 0.132753 0.022872 0.036632
6 0.749297 0.136123 0.035363 0.027277
1 0.814261 0.267529 0.045704 0.084411
8 0.851546 0.240300 0.030241 0.074881
8 0.839863 0.301566 0.019931 0.036760
8 0.743127 0.038462 0.074570 0.075562
8 0.651546 0.620150 0.030241 0.063989
8 0.621134 0.506467 0.041581 0.054459
6 0.627663 0.795439 0.018900 0.068754
6 0.611512 0.651464 0.038832 0.047651
6 0.532990 0.680395 0.021306 0.075562
6 0.550344 0.597005 0.007904 0.044929
6 0.673671 0.498911 0.023405 0.054036
6 0.636153 0.419691 0.015261 0.073050
6 0.675271 0.374623 0.038055 0.067636
3 0.669651 0.423819 0.016965 0.068631
0 0.590981 0.304196 0.032471 0.029020
6 0.713295 0.250601 0.047209 0.052917
6 0.550947 0.217336 0.015631 0.103109
6 0.529578 0.071714 0.045434 0.017395
6 0.054983 0.940776 0.011684 0.057182
6 0.258463 0.956999 0.031527 0.044698
6 0.223129 0.942211 0.025972 0.014854
6 0.198381 0.928182 0.024254 0.017018
6 0.235109 0.825002 0.037129 0.017391
6 0.143986 0.732131 0.038488 0.023826
8 0.199656 0.749489 0.041237 0.115725
6 0.395534 0.827955 0.028625 0.054627
6 0.356271 0.796460 0.032816 0.017699
0 0.376976 0.840368 0.026804 0.049694
6 0.428765 0.666569 0.041247 0.037863
6 0.465590 0.722006 0.012967 0.040337
3 0.381443 0.574881 0.032990 0.041525
6 0.327953 0.466877 0.015661 0.057340
6 0.446048 0.417202 0.028866 0.020599
6 0.414156 0.182316 0.008745 0.085720
1 0.413653 0.070456 0.037614 0.034717
8 0.416667 0.110960 0.016151 0.034037
6 0.338727 0.067052 0.008445 0.051055
6 0.247587 0.177082 0.016854 0.084628
0 0.177148 0.200477 0.036770 0.029272
6 0.129441 0.233833 0.022905 0.038802
8 0.161856 0.102791 0.090034 0.070796
8 0.135739 0.073519 0.029553 0.040844
6 0.101255 0.096107 0.045226 0.021226
6 0.055612 0.138420 0.010993 0.072223
8 0.155670 0.239619 0.020619 0.040844
8 0.178351 0.306331 0.021993 0.051736
8 0.032474 0.379850 0.025086 0.127978
8 0.178694 0.463581 0.017182 0.034037
1 0.150532 0.438734 0.052201 0.049694
3 0.129980 0.607556 0.018723 0.061947
6 0.143962 0.583668 0.007163 0.062170
6 0.036707 0.616978 0.017308 0.086164
6 0.226087 0.584974 0.010937 0.073035
6 0.213634 0.444983 0.013522 0.056048
8 0.030241 0.958135 0.023368 0.075562
8 0.114261 0.751191 0.017526 0.027910
8 0.498797 0.329135 0.016838 0.033356
0 0.474399 0.284547 0.029210 0.028591