8 0.608634 0.864804 0.187387 0.270392
8 0.691035 0.900433 0.018683 0.199135
8 0.684900 0.838980 0.048241 0.030933
8 0.733420 0.888142 0.035414 0.114896
8 0.656945 0.944761 0.016870 0.041429
8 0.629130 0.980252 0.010318 0.039496
8 0.577543 0.959538 0.051587 0.080924
8 0.593681 0.889799 0.021402 0.065182
8 0.587163 0.837875 0.028443 0.036457
8 0.549309 0.669398 0.045313 0.086172
8 0.531254 0.657245 0.063856 0.043086
8 0.830603 0.759018 0.041958 0.053971
8 0.831284 0.718810 0.049314 0.022128
8 0.753464 0.729334 0.008105 0.090671
8 0.992970 0.972221 0.014060 0.055559
8 0.897112 0.453149 0.153262 0.591373
8 0.877990 0.013489 0.047662 0.025617
8 0.993150 0.058807 0.013699 0.102332
8 0.671010 0.157040 0.289701 0.208589
8 0.680289 0.247255 0.101612 0.453681
8 0.734320 0.028277 0.012767 0.055193
8 0.535768 0.418819 0.045278 0.123067
8 0.416781 0.057439 0.025271 0.015644
8 0.064261 0.592920 0.032302 0.036760
8 0.166151 0.764125 0.072509 0.128659
8 0.211512 0.879510 0.030584 0.080327
8 0.147595 0.917291 0.069759 0.158611
8 0.019072 0.683799 0.005155 0.042886
8 0.139175 0.379170 0.039175 0.027229
8 0.264261 0.292035 0.054296 0.047651
8 0.284364 0.188564 0.031271 0.126617
8 0.223883 0.380871 0.019588 0.015657
8 0.372165 0.448604 0.021993 0.028591
8 0.131787 0.058884 0.046392 0.040163
1 0.827663 0.739278 0.022337 0.025868
1 0.813230 0.645677 0.022337 0.026549
1 0.955842 0.545609 0.050515 0.094622
1 0.823196 0.850579 0.009278 0.030633
1 0.882646 0.934309 0.014089 0.019741
1 0.743127 0.755956 0.011340 0.018380
1 0.574055 0.714772 0.016151 0.046290
1 0.576976 0.613683 0.015120 0.042886
1 0.609278 0.928182 0.018557 0.021103
1 0.538316 0.448264 0.009966 0.027910
1 0.736426 0.326072 0.024055 0.029952
1 0.679553 0.259360 0.016838 0.042206
1 0.586942 0.205242 0.018557 0.023826
1 0.563918 0.025868 0.019244 0.038121
1 0.856357 0.033016 0.017182 0.023826
1 0.121478 0.990129 0.020962 0.019741
1 0.287629 0.939755 0.016495 0.057862
1 0.085223 0.712049 0.024742 0.077604
1 0.188488 0.608237 0.018900 0.027910
1 0.370275 0.680395 0.013402 0.027910
1 0.385052 0.543907 0.025086 0.089857
1 0.446564 0.488428 0.017526 0.038802
1 0.456529 0.822668 0.010653 0.033356
1 0.179038 0.321988 0.023368 0.142954
1 0.169931 0.505106 0.014089 0.021784
1 0.077320 0.388359 0.013058 0.031995
1 0.367526 0.155208 0.014089 0.031314
1 0.316667 0.228727 0.016151 0.032675
1 0.242268 0.219537 0.019244 0.022464
1 0.188144 0.160994 0.008591 0.023826
1 0.090550 0.139551 0.009278 0.020422
8 0.292784 0.038462 0.014433 0.029272
1 0.040618 0.606005 0.011238 0.032732