2 0.031100 0.089517 0.033333 0.051055
2 0.143986 0.442478 0.031615 0.050374
8 0.020619 0.158271 0.008935 0.021103
8 0.278694 0.309394 0.008935 0.017018
2 0.414089 0.350919 0.021993 0.064670
2 0.516151 0.248128 0.028179 0.060585
2 0.282474 0.730429 0.011684 0.028591
2 0.355670 0.781824 0.017182 0.059224
2 0.042440 0.873724 0.020275 0.045609
8 0.124399 0.884956 0.049485 0.024506
2 0.218900 0.909122 0.019931 0.027910
2 0.838144 0.105174 0.014433 0.066031
2 0.976289 0.157931 0.019244 0.062628
2 0.972337 0.346835 0.031959 0.071477
2 0.982646 0.393805 0.019588 0.044248
2 0.747251 0.514976 0.025773 0.051055
2 0.595704 0.501021 0.017526 0.027229
2 0.528522 0.531654 0.028866 0.034037
2 0.911684 0.769571 0.030241 0.057862
2 0.982990 0.653846 0.024399 0.033356