6 0.224415 0.132192 0.024340 0.050770
6 0.226746 0.192308 0.034481 0.022464
6 0.117071 0.158614 0.009157 0.078047
0 0.446907 0.375085 0.032646 0.050374
6 0.354449 0.545407 0.022987 0.066989
3 0.296048 0.669843 0.018900 0.058543
6 0.206659 0.437775 0.014943 0.065476
6 0.204124 0.476305 0.024055 0.013299
6 0.214020 0.485576 0.033129 0.040421
0 0.049452 0.545275 0.025365 0.055832
6 0.264089 0.845813 0.024399 0.034717
6 0.377148 0.750335 0.029897 0.018730
1 0.061512 0.935330 0.031615 0.061266
6 0.465823 0.673928 0.010684 0.040844
6 0.496257 0.974131 0.022398 0.050376
0 0.531949 0.922037 0.036406 0.027948
8 0.417010 0.180054 0.017526 0.033356
6 0.606873 0.068074 0.039863 0.032675
6 0.570447 0.156569 0.024055 0.059905
6 0.555707 0.190897 0.017942 0.028622
6 0.653352 0.307352 0.021131 0.093658
6 0.734356 0.250637 0.048093 0.039230
6 0.865808 0.258447 0.014777 0.077140
8 0.851546 0.086453 0.050859 0.162015
6 0.754983 0.535303 0.017182 0.050865
6 0.764261 0.618448 0.016495 0.076923
0 0.838660 0.700136 0.014777 0.086453
2 0.610807 0.547651 0.018935 0.082369
3 0.870313 0.403158 0.022261 0.063664
0 0.984364 0.770252 0.022337 0.040163
3 0.969563 0.716474 0.013452 0.038802
6 0.533061 0.767059 0.022823 0.024767
6 0.617487 0.733923 0.007947 0.060109
3 0.663230 0.832539 0.032990 0.049013
6 0.619618 0.843365 0.020515 0.049572
6 0.773247 0.859487 0.038285 0.068843
0 0.806529 0.830172 0.030241 0.029241
1 0.790034 0.894486 0.012371 0.070796
6 0.977166 0.936020 0.032009 0.038103
6 0.984364 0.901293 0.030584 0.032675