2 0.172509 0.046630 0.031615 0.030633
2 0.229038 0.067733 0.029210 0.045609
2 0.280584 0.346494 0.018213 0.073519
2 0.211340 0.429204 0.036426 0.031995
2 0.022852 0.561266 0.032646 0.048332
2 0.148282 0.683458 0.034021 0.043567
2 0.026976 0.739959 0.016838 0.078965
2 0.098797 0.939755 0.022337 0.059224
2 0.008763 0.916270 0.017526 0.036760
2 0.213918 0.806671 0.034708 0.027229
2 0.278007 0.889040 0.028866 0.066712
2 0.303608 0.899932 0.038832 0.032675
8 0.340378 0.554799 0.016151 0.028591
2 0.387113 0.849217 0.023711 0.049694
2 0.460137 0.535398 0.018557 0.033356
2 0.485395 0.499319 0.016838 0.079646
2 0.423711 0.090538 0.017869 0.063989
2 0.457216 0.137168 0.034021 0.041525
2 0.548625 0.209666 0.033333 0.055820
2 0.563230 0.383594 0.032990 0.034717
2 0.942955 0.036760 0.016495 0.066712
2 0.917354 0.059224 0.030584 0.029952
2 0.812543 0.158952 0.030584 0.029272
2 0.576976 0.143635 0.038488 0.034037
2 0.634708 0.144997 0.023368 0.058543
2 0.591753 0.047992 0.028179 0.051055
2 0.689347 0.032675 0.023368 0.047651
2 0.747251 0.474813 0.029897 0.056501
2 0.573711 0.537440 0.023024 0.071477
2 0.883333 0.378148 0.037457 0.027910
2 0.958591 0.367597 0.015464 0.036760
2 0.811856 0.573860 0.016151 0.063989
2 0.806701 0.638189 0.016151 0.059224
2 0.807904 0.727366 0.018557 0.057862
2 0.777663 0.767529 0.022680 0.068754
2 0.867182 0.709326 0.031271 0.055820
2 0.712887 0.769231 0.015464 0.066712
2 0.667869 0.839006 0.022337 0.064670
2 0.830756 0.857386 0.021649 0.044248
2 0.749313 0.988768 0.035395 0.021103