4 0.889667 0.730515 0.020667 0.060766
4 0.916000 0.836856 0.014667 0.040951
4 0.929000 0.673052 0.023333 0.043593
4 0.750000 0.764201 0.032000 0.046235
4 0.832221 0.628137 0.021776 0.059445
4 0.873496 0.605133 0.017761 0.059606
4 0.921333 0.590489 0.021333 0.066050
4 0.902653 0.575958 0.023973 0.031704
4 0.798000 0.538970 0.028000 0.055482
4 0.747964 0.625495 0.027927 0.033025
4 0.765307 0.660502 0.024581 0.042272
4 0.928333 0.525760 0.012667 0.021136
4 0.854333 0.461691 0.022000 0.035667
4 0.830282 0.498049 0.018103 0.044975
4 0.903333 0.324474 0.025333 0.035333
4 0.829408 0.329637 0.023431 0.059055
4 0.753888 0.326948 0.029557 0.059445
4 0.719906 0.334508 0.023045 0.062707
4 0.816333 0.258917 0.024667 0.034346
4 0.562759 0.242265 0.012185 0.024820
4 0.480000 0.196169 0.021333 0.027741
4 0.299667 0.880096 0.015333 0.029678
8 0.198000 0.902906 0.077333 0.143989
4 0.366449 0.738331 0.028697 0.050419
4 0.313667 0.748597 0.028667 0.046732
4 0.211470 0.712021 0.026393 0.055482
4 0.376333 0.673052 0.026000 0.035667
4 0.359667 0.636724 0.035333 0.060766
4 0.275333 0.555907 0.030667 0.040102
4 0.124667 0.522457 0.024000 0.056803
4 0.304000 0.503963 0.026667 0.043593
4 0.338333 0.476882 0.020667 0.026420
4 0.370840 0.427345 0.034320 0.040951
4 0.339000 0.417818 0.026000 0.053601
4 0.272333 0.427345 0.032667 0.038309
4 0.417000 0.322325 0.020667 0.060766
4 0.400667 0.362307 0.018667 0.045618
4 0.216772 0.478608 0.012211 0.032514
4 0.218333 0.180317 0.032667 0.038309
4 0.045000 0.584544 0.012667 0.019815
4 0.956000 0.854690 0.013333 0.026420