8 0.796220 0.543567 0.015120 0.192648
8 0.341581 0.256978 0.088660 0.051055
8 0.304467 0.263785 0.046735 0.063308
8 0.361512 0.407760 0.043986 0.047651
8 0.142096 0.329816 0.060825 0.072839
8 0.161512 0.428863 0.037113 0.155208
8 0.098110 0.142614 0.023711 0.053778
8 0.144330 0.090197 0.037801 0.057862
8 0.259966 0.775017 0.154983 0.142274
8 0.361856 0.673928 0.048110 0.061266
8 0.355842 0.152144 0.020962 0.051055
8 0.567354 0.302587 0.032302 0.055140
8 0.576117 0.059905 0.062887 0.119809
8 0.608247 0.106535 0.060481 0.116406
8 0.689519 0.026208 0.021649 0.052417
8 0.615979 0.778761 0.043643 0.185160
8 0.677491 0.736555 0.018900 0.044929
8 0.777491 0.804969 0.056014 0.112321
8 0.725258 0.703880 0.016838 0.042206
8 0.822509 0.081348 0.036770 0.067393
8 0.823024 0.157931 0.014433 0.023145
8 0.974742 0.493533 0.049828 0.069435
8 0.929038 0.570796 0.024399 0.038802
8 0.868041 0.465963 0.021993 0.074200
8 0.922680 0.783186 0.048797 0.071477
8 0.869072 0.634786 0.019244 0.027910
8 0.980756 0.320967 0.037801 0.059224
8 0.959278 0.934309 0.036082 0.018380
8 0.355326 0.614023 0.039863 0.042206
1 0.453952 0.082029 0.013058 0.021103
1 0.245189 0.100068 0.017526 0.031314
1 0.060825 0.069435 0.019244 0.043567
1 0.382474 0.232811 0.019244 0.017699
1 0.404124 0.265827 0.015808 0.033356
1 0.413230 0.282165 0.011340 0.025187
1 0.427320 0.349217 0.020275 0.029952
1 0.406701 0.390061 0.018900 0.039483
1 0.428007 0.446903 0.014777 0.027910
1 0.232646 0.639891 0.015120 0.032675
1 0.256701 0.858747 0.032990 0.040163
1 0.343471 0.912866 0.019588 0.049013
1 0.361684 0.885636 0.018900 0.029952
1 0.427148 0.858407 0.012371 0.039483
1 0.585739 0.833901 0.023024 0.039483
1 0.546564 0.394146 0.018900 0.028591
1 0.700687 0.854323 0.026117 0.149762
1 0.694845 0.757318 0.017182 0.034717
1 0.657904 0.874404 0.021649 0.037440
1 0.728694 0.544588 0.018900 0.043567
1 0.744158 0.432607 0.023024 0.033356
1 0.856014 0.365895 0.018557 0.033356
1 0.886770 0.535739 0.012715 0.027229
1 0.916151 0.541184 0.019244 0.034037
1 0.940893 0.485364 0.010309 0.019061
1 0.904467 0.559224 0.010309 0.026549
1 0.945189 0.643635 0.011340 0.029272
1 0.832131 0.720558 0.013402 0.027910
1 0.871478 0.893805 0.012371 0.027229
1 0.916838 0.809735 0.015120 0.029272
1 0.892268 0.922396 0.022337 0.062628
1 0.878522 0.076923 0.010653 0.035398
1 0.718557 0.091219 0.016495 0.039483
1 0.936770 0.059905 0.012371 0.023145