3 0.076460 0.155888 0.018213 0.073519
6 0.032538 0.172366 0.029336 0.049945
0 0.054161 0.229609 0.018976 0.065752
0 0.019470 0.282300 0.020167 0.076547
0 0.028351 0.211709 0.025773 0.042206
0 0.146048 0.132403 0.013058 0.075562
8 0.181959 0.284888 0.016151 0.067393
6 0.196174 0.080890 0.017090 0.093919
6 0.231165 0.104234 0.020006 0.065689
8 0.266667 0.106535 0.028179 0.025187
6 0.327689 0.190606 0.012766 0.069435
6 0.423368 0.096664 0.022680 0.087134
1 0.446284 0.260381 0.017654 0.072839
6 0.191003 0.517765 0.027366 0.034849
3 0.052921 0.522464 0.024055 0.051055
3 0.120103 0.585092 0.024399 0.059224
6 0.055326 0.624234 0.029553 0.021784
6 0.108102 0.686866 0.027888 0.029961
3 0.247938 0.583050 0.020275 0.067393
0 0.208935 0.571477 0.015808 0.070116
8 0.043729 0.558144 0.080493 0.201415
6 0.321856 0.759794 0.037600 0.065022
0 0.316495 0.725323 0.019931 0.046971
0 0.371993 0.649421 0.027148 0.046290
0 0.390326 0.836779 0.031260 0.046601
0 0.461512 0.607556 0.020619 0.072839
2 0.454845 0.839006 0.017714 0.072839
8 0.751890 0.123894 0.073540 0.025868
2 0.962715 0.087815 0.036082 0.031314
0 0.674399 0.240980 0.018213 0.072158
6 0.755907 0.213840 0.009835 0.069193
8 0.780727 0.284547 0.033736 0.108918
6 0.824742 0.250230 0.032990 0.053659
6 0.910760 0.254979 0.033204 0.063395
6 0.954416 0.155208 0.036184 0.025868
8 0.948282 0.441797 0.091753 0.242342
8 0.849313 0.381892 0.028522 0.121171
6 0.924853 0.408223 0.018779 0.065050
2 0.907045 0.417631 0.016151 0.060585
2 0.714605 0.559905 0.034708 0.040163
1 0.575601 0.648741 0.018557 0.080327
6 0.524570 0.559224 0.009966 0.056501
6 0.729725 0.689925 0.013402 0.068754
1 0.825258 0.531654 0.020275 0.084411
6 0.938951 0.579678 0.013297 0.042822
8 0.878522 0.551055 0.036082 0.052417
6 0.954953 0.661334 0.015061 0.048332
1 0.554467 0.713410 0.018213 0.076242
0 0.574052 0.732070 0.020956 0.064791
2 0.532990 0.882233 0.021993 0.077604
2 0.605155 0.894826 0.022680 0.030633
6 0.312543 0.137509 0.016838 0.039483
6 0.230189 0.133267 0.011989 0.060219