2 0.798282 0.888019 0.032302 0.045609
2 0.893814 0.932607 0.028866 0.031314
2 0.947595 0.844112 0.016151 0.062628
2 0.912199 0.686521 0.038832 0.045609
2 0.865808 0.715793 0.022337 0.059224
2 0.918213 0.629340 0.026804 0.067393
2 0.940722 0.620150 0.013402 0.053097
2 0.997251 0.878148 0.005498 0.025868
2 0.615464 0.778421 0.019244 0.081007
2 0.515979 0.862491 0.012027 0.029952
2 0.513918 0.503063 0.021649 0.055820
8 0.581959 0.395507 0.012027 0.024506
2 0.583505 0.340027 0.018557 0.079646
2 0.736598 0.159973 0.018900 0.054459
2 0.743267 0.009671 0.015744 0.017980
8 0.689347 0.136828 0.057732 0.125255
8 0.652749 0.368958 0.021649 0.113002
8 0.785052 0.423758 0.013402 0.021103
8 0.733333 0.313479 0.008247 0.017018
2 0.419931 0.909122 0.023368 0.070116
2 0.374399 0.815180 0.020962 0.030633
2 0.339691 0.769912 0.036082 0.038121
2 0.258419 0.726344 0.014433 0.066712
8 0.263230 0.872362 0.010309 0.021103
2 0.115120 0.757658 0.013058 0.034037
2 0.163058 0.500681 0.017526 0.042886
8 0.067182 0.890742 0.009278 0.018380
2 0.049485 0.525187 0.024742 0.067393
2 0.134192 0.457454 0.016838 0.078965
8 0.377491 0.595984 0.043643 0.067393
2 0.456186 0.400613 0.014777 0.079646
2 0.377148 0.389040 0.015464 0.079646
2 0.270275 0.169163 0.018213 0.078285
2 0.431615 0.150442 0.026804 0.061266
8 0.451203 0.018039 0.015808 0.034717
8 0.457216 0.044248 0.017526 0.028591
8 0.508591 0.009190 0.013058 0.017018
2 0.044330 0.090538 0.021993 0.050374