1 0.930004 0.674678 0.011602 0.023493
1 0.713571 0.746688 0.022688 0.038814
1 0.812321 0.109670 0.019136 0.045683
1 0.683889 0.057912 0.018400 0.025757
1 0.656903 0.106025 0.008096 0.016037
1 0.379923 0.433095 0.015947 0.060749
1 0.402371 0.516928 0.018155 0.039851
8 0.333187 0.474404 0.019136 0.030617
8 0.240084 0.532479 0.034101 0.035963
1 0.198500 0.540255 0.014229 0.038879
8 0.145753 0.450590 0.027477 0.045197
8 0.140969 0.655677 0.047840 0.045197
1 0.043941 0.643771 0.018645 0.063179
8 0.016341 0.613640 0.013984 0.087478
1 0.034836 0.861705 0.011403 0.018439
8 0.132225 0.979025 0.027460 0.041950
8 0.012761 0.899045 0.024835 0.071914