6 0.046942 0.042771 0.027940 0.085542
6 0.177329 0.210836 0.007540 0.082424
6 0.236132 0.336706 0.027351 0.020626
6 0.093312 0.407492 0.026435 0.030002
7 0.163038 0.436557 0.010186 0.043128
6 0.270416 0.362723 0.036985 0.040785
6 0.333412 0.425482 0.033226 0.017462
6 0.308614 0.321939 0.018796 0.054848
6 0.046201 0.484842 0.039532 0.087194
6 0.093008 0.440776 0.055538 0.050629
6 0.107196 0.506640 0.047050 0.067037
6 0.162250 0.543675 0.032013 0.068911
6 0.212452 0.621083 0.029588 0.120361
7 0.083065 0.658293 0.017219 0.013126
6 0.268324 0.543557 0.026132 0.026252
6 0.207170 0.018126 0.009377 0.036252
8 0.224294 0.096146 0.046072 0.096147
8 0.262212 0.020687 0.006116 0.021673
8 0.361912 0.265046 0.029408 0.116025
6 0.031083 0.819718 0.049215 0.039429
6 0.036264 0.916883 0.031731 0.103580
6 0.056727 0.934615 0.035088 0.063034
6 0.148037 0.909158 0.031650 0.017591
6 0.201478 0.967204 0.009707 0.064101
7 0.247012 0.767314 0.007325 0.029366
6 0.329213 0.751582 0.053444 0.045098
6 0.384150 0.766790 0.057514 0.033560
6 0.396182 0.962052 0.011707 0.074406
6 0.449876 0.884595 0.020938 0.110969
6 0.476695 0.835203 0.046096 0.028721
7 0.461471 0.973149 0.007655 0.052212
6 0.483646 0.964445 0.024540 0.069619
6 0.553610 0.016469 0.013943 0.032939
7 0.463832 0.080565 0.024713 0.021104
6 0.398729 0.021817 0.036295 0.022244
6 0.441664 0.088336 0.017705 0.061743
6 0.380066 0.194355 0.021689 0.078712
6 0.424106 0.275633 0.040426 0.051905
7 0.540664 0.244833 0.012099 0.023385
6 0.400647 0.365539 0.040721 0.037787
6 0.461877 0.381652 0.058721 0.025809
6 0.615320 0.279840 0.011508 0.124484
6 0.639959 0.394057 0.053705 0.076288
6 0.540258 0.488953 0.032976 0.043919
7 0.558074 0.510627 0.008557 0.032511
6 0.466156 0.548843 0.041902 0.063311
6 0.449668 0.552408 0.028844 0.060745
7 0.657996 0.456727 0.026483 0.020534
6 0.567369 0.698423 0.040721 0.049052
6 0.607057 0.720026 0.049279 0.043206
6 0.701779 0.607021 0.038656 0.085271
6 0.716090 0.608875 0.051344 0.067304
6 0.787537 0.625416 0.046549 0.028519
7 0.783110 0.576434 0.008189 0.043206
7 0.851975 0.631975 0.012689 0.030230
7 0.874697 0.718387 0.009738 0.053615
7 0.629373 0.886647 0.013500 0.034223
7 0.733574 0.912599 0.014607 0.034793
6 0.700488 0.937411 0.017041 0.069586
6 0.625500 0.901762 0.018295 0.066734
6 0.838106 0.926858 0.022131 0.075860
8 0.653127 0.003993 0.014533 0.007985
7 0.763377 0.117212 0.008263 0.049622
6 0.817672 0.054756 0.040721 0.082133
6 0.879934 0.038215 0.012983 0.076430
7 0.892623 0.102026 0.029508 0.029803
6 0.890852 0.221876 0.050754 0.062741
6 0.751500 0.319695 0.011803 0.116926
6 0.766992 0.324828 0.014459 0.147727
6 0.682192 0.357339 0.054221 0.054186
6 0.728336 0.421507 0.031574 0.034222
8 0.942154 0.497459 0.114921 0.208810
6 0.905089 0.533983 0.051643 0.045892
6 0.883359 0.588302 0.048424 0.070524
6 0.929301 0.554337 0.021462 0.049262
6 0.939898 0.542410 0.028169 0.073116
7 0.971420 0.553818 0.006975 0.035781
6 0.993700 0.615526 0.011830 0.117712
6 0.926752 0.683846 0.013682 0.088414
6 0.931414 0.700310 0.017773 0.104749
6 0.953043 0.755278 0.033534 0.023853
6 0.987395 0.768500 0.024439 0.088673
6 0.919643 0.736868 0.020926 0.068968
6 0.970628 0.666086 0.057973 0.070523
6 0.898584 0.815560 0.034608 0.019446
7 0.997524 0.852346 0.004182 0.014075
7 0.994558 0.937706 0.010113 0.014075