1 0.067869 0.757658 0.014777 0.025868
1 0.175773 0.979918 0.014777 0.029272
1 0.456701 0.681756 0.015120 0.026549
1 0.354467 0.675630 0.012027 0.038802
1 0.234708 0.767529 0.017182 0.052417
1 0.280069 0.811096 0.016495 0.025187
1 0.485052 0.965283 0.009966 0.019061
1 0.556186 0.816882 0.012027 0.019061
1 0.745017 0.570116 0.019244 0.026549
1 0.530584 0.472090 0.017182 0.044248
1 0.900515 0.580667 0.010653 0.036760
1 0.834536 0.469707 0.009278 0.017699
1 0.892612 0.266167 0.012027 0.023145
1 0.961684 0.215453 0.027148 0.034717
8 0.935052 0.214432 0.021993 0.014976
1 0.822852 0.212049 0.017526 0.026549
1 0.715979 0.181756 0.014089 0.031314
1 0.643814 0.083730 0.013402 0.029952
1 0.574742 0.066712 0.018213 0.028591
8 0.520275 0.375766 0.026117 0.025868
1 0.954983 0.121852 0.010997 0.019061
1 0.343471 0.288972 0.012715 0.029272
1 0.267182 0.246086 0.023024 0.027910
1 0.128179 0.537440 0.017182 0.029272
8 0.086254 0.954391 0.034364 0.039483
8 0.123540 0.968686 0.016151 0.062628
8 0.079210 0.212389 0.020275 0.080327
8 0.048797 0.262423 0.038488 0.026549
8 0.175430 0.164738 0.026460 0.044929
8 0.313078 0.253270 0.069769 0.161630
8 0.390793 0.113167 0.062001 0.148219
8 0.391149 0.158168 0.030644 0.154936
8 0.355517 0.063407 0.032782 0.055759
1 0.415201 0.148810 0.009621 0.014822