2 0.211856 0.115044 0.015464 0.061266
2 0.178179 0.124234 0.022337 0.066031
2 0.199313 0.161334 0.027491 0.024506
2 0.367698 0.311096 0.020619 0.076242
8 0.112371 0.437713 0.010997 0.024506
8 0.045017 0.579306 0.011684 0.023145
8 0.004124 0.510892 0.008247 0.018380
2 0.326117 0.603812 0.028179 0.025868
2 0.470962 0.477195 0.023024 0.072158
2 0.473024 0.336283 0.025773 0.038121
2 0.465464 0.195031 0.018213 0.072839
8 0.535052 0.366576 0.011684 0.027910
2 0.616838 0.541184 0.038488 0.031314
2 0.619072 0.271613 0.017526 0.069435
2 0.663230 0.144316 0.032990 0.057182
2 0.732818 0.293397 0.017526 0.081688
2 0.812715 0.060585 0.026804 0.054459
2 0.873024 0.175970 0.025773 0.064670
2 0.964261 0.121511 0.015120 0.033356
2 0.528351 0.820967 0.029897 0.069435
2 0.950344 0.925119 0.022337 0.057182