2 0.355427 0.078965 0.024256 0.062628
3 0.312371 0.160994 0.021306 0.042886
6 0.208247 0.104833 0.030241 0.034037
6 0.181787 0.227366 0.026117 0.053097
6 0.177148 0.301225 0.015464 0.076923
6 0.150687 0.246086 0.009278 0.066031
6 0.191924 0.396869 0.012715 0.073519
8 0.237973 0.296120 0.027835 0.073519
6 0.369759 0.300545 0.027491 0.041525
3 0.416495 0.259360 0.031615 0.044929
3 0.430756 0.288632 0.031959 0.027229
6 0.462199 0.188904 0.009622 0.071477
0 0.317869 0.404357 0.024055 0.069435
1 0.343986 0.416950 0.026117 0.056501
0 0.267354 0.491491 0.023368 0.066712
6 0.184880 0.507488 0.031615 0.030633
1 0.035911 0.375425 0.025086 0.040163
0 0.187629 0.633424 0.022680 0.064670
0 0.113402 0.594622 0.034364 0.033356
0 0.072337 0.600749 0.018900 0.075562
6 0.473368 0.609598 0.019588 0.052417
3 0.443643 0.629680 0.023368 0.076242
3 0.403436 0.685841 0.024055 0.061947
1 0.472684 0.491273 0.041573 0.103037
1 0.374227 0.840368 0.027491 0.060585
1 0.397793 0.848196 0.023657 0.091219
3 0.167169 0.749833 0.033359 0.038809
3 0.176117 0.794418 0.027148 0.049013
1 0.280241 0.910909 0.028522 0.106365
6 0.500172 0.026549 0.020962 0.053097
6 0.547766 0.078625 0.037801 0.030633
6 0.558076 0.153846 0.026804 0.062628
6 0.572337 0.218176 0.015464 0.034717
1 0.724570 0.239619 0.058763 0.054459
8 0.716323 0.308033 0.027148 0.113683
0 0.815120 0.275017 0.024742 0.039483
6 0.853265 0.182097 0.022680 0.042886
6 0.889003 0.095643 0.039863 0.029272
2 0.892440 0.547992 0.028866 0.065351
0 0.840893 0.583050 0.035052 0.036079
6 0.757216 0.578625 0.022337 0.040844
6 0.742096 0.694690 0.023711 0.064670
6 0.958076 0.713410 0.017182 0.081688
6 0.525773 0.656229 0.008935 0.085773
8 0.547938 0.637849 0.020275 0.040844
1 0.623196 0.753233 0.043643 0.038802
3 0.801890 0.867937 0.025086 0.058543
2 0.581787 0.929204 0.030241 0.046290
6 0.959622 0.890402 0.016838 0.058543
6 0.845017 0.795779 0.010309 0.043567
6 0.662051 0.270294 0.006098 0.063645
6 0.675263 0.316377 0.017617 0.078857
6 0.350485 0.762826 0.009200 0.073292
6 0.344898 0.814956 0.011707 0.061539
6 0.077999 0.497887 0.019489 0.069049
6 0.088258 0.445717 0.023353 0.072196
6 0.075080 0.326029 0.028246 0.012925
6 0.055494 0.108032 0.027243 0.013192
6 0.377561 0.151104 0.006861 0.041774
0 0.260000 0.902079 0.030209 0.041067
0 0.488100 0.085619 0.013356 0.058728
3 0.506111 0.086588 0.029140 0.037147
0 0.705278 0.973035 0.024707 0.052568
0 0.740252 0.880549 0.025115 0.048780
0 0.145704 0.788291 0.020619 0.053097