3 0.923540 0.844112 0.018213 0.073519
6 0.967462 0.827634 0.029336 0.049945
0 0.945839 0.770391 0.018976 0.065752
0 0.980530 0.717700 0.020167 0.076547
0 0.971649 0.788291 0.025773 0.042206
0 0.853952 0.867597 0.013058 0.075562
8 0.818041 0.715112 0.016151 0.067393
6 0.803826 0.919110 0.017090 0.093919
6 0.768835 0.895766 0.020006 0.065689
8 0.733333 0.893465 0.028179 0.025187
6 0.672311 0.809394 0.012766 0.069435
6 0.576632 0.903336 0.022680 0.087134
1 0.553716 0.739619 0.017654 0.072839
6 0.808997 0.482235 0.027366 0.034849
3 0.947079 0.477536 0.024055 0.051055
3 0.879897 0.414908 0.024399 0.059224
6 0.944674 0.375766 0.029553 0.021784
6 0.891898 0.313134 0.027888 0.029961
3 0.752062 0.416950 0.020275 0.067393
0 0.791065 0.428523 0.015808 0.070116
8 0.956271 0.441856 0.080493 0.201415
6 0.678144 0.240206 0.037600 0.065022
0 0.683505 0.274677 0.019931 0.046971
0 0.628007 0.350579 0.027148 0.046290
0 0.609674 0.163221 0.031260 0.046601
0 0.538488 0.392444 0.020619 0.072839
2 0.545155 0.160994 0.017714 0.072839
8 0.248110 0.876106 0.073540 0.025868
2 0.037285 0.912185 0.036082 0.031314
0 0.325601 0.759020 0.018213 0.072158
6 0.244093 0.786160 0.009835 0.069193
8 0.219273 0.715453 0.033736 0.108918
6 0.175258 0.749770 0.032990 0.053659
6 0.089240 0.745021 0.033204 0.063395
6 0.045584 0.844792 0.036184 0.025868
8 0.051718 0.558203 0.091753 0.242342
8 0.150687 0.618108 0.028522 0.121171
6 0.075147 0.591777 0.018779 0.065050
2 0.092955 0.582369 0.016151 0.060585
2 0.285395 0.440095 0.034708 0.040163
1 0.424399 0.351259 0.018557 0.080327
6 0.475430 0.440776 0.009966 0.056501
6 0.270275 0.310075 0.013402 0.068754
1 0.174742 0.468346 0.020275 0.084411
6 0.061049 0.420322 0.013297 0.042822
8 0.121478 0.448945 0.036082 0.052417
6 0.045047 0.338666 0.015061 0.048332
1 0.445533 0.286590 0.018213 0.076242
0 0.425948 0.267930 0.020956 0.064791
2 0.467010 0.117767 0.021993 0.077604
2 0.394845 0.105174 0.022680 0.030633
6 0.687457 0.862491 0.016838 0.039483
6 0.769811 0.866733 0.011989 0.060219