2 0.140378 0.250170 0.019588 0.076923
2 0.198110 0.183118 0.017526 0.065351
2 0.231271 0.206263 0.035739 0.036760
2 0.185739 0.276378 0.012715 0.050374
2 0.232646 0.327093 0.030241 0.052417
2 0.464948 0.274336 0.022680 0.063989
2 0.022852 0.328455 0.016151 0.067393
2 0.227835 0.459837 0.027491 0.063308
2 0.260825 0.608577 0.017869 0.068074
2 0.130412 0.571818 0.016151 0.047651
2 0.306357 0.564329 0.012027 0.053097
2 0.397595 0.522464 0.030241 0.038802
2 0.481443 0.609598 0.021306 0.055140
2 0.080756 0.637168 0.024742 0.070796
2 0.048454 0.668482 0.026117 0.051736
2 0.156014 0.733833 0.013746 0.043567
2 0.201718 0.717835 0.018557 0.064670
2 0.221649 0.760722 0.023368 0.044248
2 0.182131 0.752893 0.042612 0.074881
2 0.336254 0.909462 0.015464 0.072158
2 0.042096 0.844452 0.014777 0.060585
2 0.071993 0.860449 0.024399 0.065351
8 0.343643 0.755956 0.011684 0.045609
8 0.471993 0.943499 0.011340 0.024506
8 0.268385 0.973111 0.015120 0.052417
8 0.107732 0.988087 0.008591 0.022464
8 0.546048 0.473451 0.064605 0.109598
2 0.579038 0.732471 0.021306 0.046290
2 0.564433 0.988428 0.016151 0.021784
2 0.771649 0.915929 0.036770 0.036079
2 0.763402 0.983662 0.015464 0.031314
2 0.648110 0.139210 0.021993 0.068754
2 0.665979 0.056161 0.013746 0.038802
2 0.777320 0.099387 0.020619 0.036760
8 0.664433 0.242001 0.012027 0.021103
8 0.662543 0.394486 0.010309 0.018380
8 0.989175 0.062287 0.010653 0.021103
2 0.764089 0.364874 0.016151 0.043567
2 0.964605 0.224983 0.019931 0.070116
2 0.892268 0.432607 0.015464 0.068754
2 0.935395 0.479918 0.027491 0.050374
2 0.903265 0.544248 0.033333 0.061947
8 0.902234 0.594282 0.012715 0.029952