4 0.082790 0.131440 0.025580 0.064729
4 0.100667 0.161162 0.028000 0.050198
4 0.093000 0.208719 0.027333 0.042272
4 0.080333 0.247688 0.022000 0.072655
8 0.191333 0.090489 0.028000 0.080581
4 0.254667 0.077279 0.016000 0.027741
4 0.271667 0.186262 0.032667 0.039630
4 0.173333 0.325771 0.032000 0.038597
4 0.198000 0.290621 0.028000 0.052840
4 0.214333 0.371863 0.028667 0.040951
4 0.130333 0.385902 0.030000 0.037326
4 0.209000 0.419419 0.023333 0.056803
4 0.075202 0.442378 0.019738 0.063725
4 0.160000 0.494055 0.026667 0.031704
4 0.266333 0.470819 0.027333 0.069775
4 0.266333 0.418758 0.015333 0.029062
4 0.128466 0.649392 0.021735 0.059682
4 0.156333 0.772787 0.034000 0.039630
4 0.230600 0.755614 0.017200 0.042272
8 0.140729 0.970277 0.018792 0.056803
4 0.636333 0.187583 0.027333 0.036988
4 0.653667 0.221268 0.026000 0.038309
4 0.793667 0.319022 0.012667 0.030383
4 0.799506 0.377807 0.024345 0.066050
4 0.810000 0.433289 0.024000 0.042272
4 0.796671 0.569435 0.024009 0.045078
4 0.637667 0.558785 0.027333 0.060766
4 0.613333 0.564069 0.024000 0.044914
4 0.827000 0.670410 0.028667 0.035667
4 0.837770 0.838177 0.016873 0.062087