8 0.137608 0.124729 0.060039 0.033067
8 0.108174 0.223931 0.047446 0.045830
1 0.141269 0.243945 0.012301 0.024365
1 0.187543 0.090212 0.011129 0.031327
1 0.243482 0.020887 0.008200 0.027265
1 0.278626 0.092823 0.011129 0.030747
1 0.319950 0.135172 0.013416 0.027265
1 0.242896 0.263959 0.009372 0.019144
1 0.308939 0.262799 0.009079 0.019144
8 0.080058 0.012766 0.060918 0.022625
8 0.203382 0.310582 0.018111 0.022199
8 0.185053 0.593166 0.069411 0.124146
1 0.281848 0.544145 0.016987 0.026106
1 0.306743 0.602158 0.008786 0.023785
1 0.035640 0.804075 0.013273 0.025526
1 0.069530 0.963318 0.026912 0.036548
8 0.458063 0.977172 0.028621 0.038749
8 0.626763 0.679162 0.033707 0.060805
8 0.455460 0.499429 0.018778 0.028018
8 0.479255 0.583185 0.006098 0.036960
1 0.549418 0.604348 0.012640 0.028018
1 0.568829 0.600175 0.016553 0.055440
1 0.551223 0.633558 0.016854 0.030403
1 0.634137 0.631770 0.014747 0.038749
1 0.597486 0.452172 0.008355 0.025781
1 0.608895 0.423208 0.011890 0.021325
1 0.547575 0.341092 0.016267 0.025780
8 0.729765 0.257717 0.064241 0.075269
1 0.609343 0.176566 0.015312 0.031737
1 0.718282 0.315527 0.021286 0.031283
1 0.725263 0.120347 0.009613 0.030830
1 0.661404 0.058687 0.014649 0.029016
1 0.586188 0.118080 0.015846 0.019042
8 0.658771 0.026431 0.048753 0.012827
8 0.927807 0.219587 0.092188 0.087901
8 0.829015 0.425126 0.017170 0.042381
8 0.784242 0.505964 0.032755 0.095227
8 0.935335 0.477710 0.017962 0.051276
8 0.981448 0.432190 0.036417 0.118248
1 0.909966 0.397549 0.019244 0.032675
1 0.904467 0.453029 0.011684 0.034717
1 0.808419 0.531995 0.023024 0.042886
1 0.934364 0.714135 0.011684 0.020334
1 0.934708 0.765487 0.014433 0.029272
1 0.976976 0.939074 0.014433 0.025187
1 0.917010 0.992852 0.012027 0.012934
1 0.798797 0.883935 0.009966 0.029272
1 0.538144 0.992172 0.013746 0.014295
8 0.474570 0.051396 0.028179 0.102791