0 0.021333 0.194848 0.016000 0.080581
0 0.089333 0.224571 0.036000 0.031704
0 0.073333 0.040951 0.034667 0.036988
0 0.119667 0.071334 0.034000 0.050198
0 0.038000 0.010568 0.036000 0.021136
0 0.175000 0.449802 0.039333 0.030383
0 0.202000 0.380449 0.018667 0.071334
0 0.233667 0.364597 0.039333 0.029062
0 0.255667 0.512550 0.034000 0.050198
0 0.427333 0.368560 0.016000 0.081902
0 0.363000 0.149934 0.011333 0.054161
0 0.426333 0.447820 0.030000 0.052840
0 0.374667 0.618230 0.034667 0.039630
0 0.234333 0.684280 0.042000 0.031704
0 0.416000 0.669089 0.038667 0.033025
0 0.037667 0.739102 0.022000 0.062087
0 0.162667 0.937913 0.028000 0.036988
0 0.027000 0.921400 0.032667 0.030383
0 0.223333 0.980185 0.044000 0.036988
0 0.892000 0.943857 0.034667 0.025099
0 0.904667 0.919419 0.045333 0.031704
0 0.846667 0.849406 0.032000 0.047556
0 0.643000 0.793923 0.039333 0.031704
0 0.657333 0.694188 0.040000 0.030383
0 0.611000 0.676354 0.043333 0.031704
0 0.527333 0.670410 0.028000 0.054161
0 0.538333 0.608983 0.027333 0.066050
0 0.528667 0.322985 0.037333 0.043593
0 0.579000 0.373844 0.038000 0.034346
0 0.508333 0.222589 0.038000 0.038309
0 0.593000 0.166446 0.043333 0.029062
0 0.594000 0.072655 0.016000 0.073976
0 0.565333 0.077939 0.021333 0.036988
8 0.718667 0.307133 0.113333 0.180978
0 0.756667 0.309115 0.014667 0.071334
0 0.558000 0.010568 0.029333 0.021136
0 0.817667 0.123514 0.039333 0.030383
0 0.846667 0.107001 0.028000 0.031704
0 0.785000 0.079921 0.030000 0.033025
0 0.894000 0.019815 0.037333 0.039630
0 0.909000 0.210700 0.030000 0.059445
0 0.932000 0.235139 0.024000 0.036988
0 0.825333 0.575297 0.030667 0.059445
0 0.811333 0.536988 0.041333 0.030383
0 0.829667 0.637384 0.020667 0.051519
0 0.980000 0.694188 0.030667 0.046235
0 0.994667 0.517173 0.009333 0.062087
0 0.863667 0.577279 0.014000 0.058124
0 0.994333 0.898943 0.010000 0.035667
0 0.953000 0.309775 0.024667 0.046235
0 0.800667 0.007926 0.018667 0.015852
0 0.126667 0.878468 0.029333 0.060766
0 0.124333 0.932629 0.015333 0.066050
0 0.259093 0.776968 0.016852 0.073540
0 0.242667 0.800528 0.020000 0.042272
0 0.355377 0.273466 0.025427 0.048415
0 0.330373 0.282520 0.034515 0.034244
8 0.347010 0.302003 0.027066 0.037787
0 0.354667 0.461030 0.026667 0.029062
8 0.128667 0.598415 0.014667 0.063408
8 0.005333 0.281374 0.010667 0.076618
8 0.439667 0.778732 0.027333 0.114927