0 0.249828 0.069095 0.023368 0.060585
0 0.276460 0.135126 0.034708 0.040163
0 0.249141 0.240300 0.018557 0.078965
0 0.141924 0.089517 0.020619 0.036079
0 0.014261 0.373383 0.028522 0.031995
0 0.009278 0.594282 0.018557 0.035398
0 0.104983 0.886317 0.043643 0.029952
0 0.228351 0.834922 0.018213 0.068754
0 0.214261 0.939415 0.014777 0.073519
0 0.269072 0.924779 0.035052 0.033356
0 0.299828 0.896188 0.023024 0.071477
0 0.338316 0.614704 0.018213 0.057182
0 0.327663 0.812117 0.034021 0.036760
0 0.367613 0.746541 0.039341 0.028901
0 0.395876 0.724983 0.016495 0.087134
0 0.380241 0.497617 0.040206 0.029952
0 0.426289 0.535058 0.031271 0.055820
0 0.458076 0.634105 0.021993 0.044248
0 0.391924 0.031995 0.036770 0.039483
0 0.473594 0.094126 0.029546 0.059655
0 0.502749 0.234513 0.037801 0.040163
0 0.501718 0.359088 0.046735 0.034717
0 0.485326 0.432422 0.033194 0.056871
0 0.515464 0.526549 0.037113 0.037440
0 0.533162 0.653737 0.042955 0.032213
0 0.550687 0.252212 0.027148 0.079646
8 0.681271 0.212389 0.117869 0.178353
0 0.609622 0.020422 0.018557 0.040844
0 0.591924 0.301566 0.039519 0.039483
8 0.577663 0.352280 0.020619 0.049694
8 0.680584 0.444860 0.025773 0.038802
8 0.584364 0.462560 0.016838 0.030633
0 0.669244 0.041525 0.025086 0.069435
0 0.723883 0.107897 0.050515 0.033356
0 0.785739 0.040163 0.031959 0.029952
0 0.790378 0.162355 0.032302 0.041525
0 0.788488 0.292035 0.018213 0.073519
0 0.762027 0.441457 0.031271 0.046971
0 0.938488 0.341389 0.021306 0.061947
0 0.984021 0.350919 0.018900 0.068754
0 0.803436 0.676310 0.016495 0.078285
0 0.619072 0.626957 0.042955 0.031314
0 0.617869 0.660994 0.035739 0.034037
0 0.573024 0.764806 0.040893 0.036079
0 0.709794 0.693669 0.014089 0.093941
0 0.617182 0.867257 0.027491 0.059905
0 0.552749 0.893125 0.023711 0.047651
0 0.719588 0.791695 0.015120 0.053097
0 0.647766 0.938734 0.030928 0.046290
0 0.713574 0.887338 0.014777 0.079646
0 0.740378 0.913887 0.037457 0.031995
0 0.722029 0.372503 0.014634 0.074984
0 0.723541 0.414246 0.017853 0.046381
0 0.935739 0.087744 0.019244 0.081546
0 0.958763 0.055480 0.020619 0.053778
0 0.955670 0.012253 0.021993 0.024506
0 0.986598 0.082684 0.014433 0.082319
0 0.968041 0.202519 0.018557 0.075562
0 0.988316 0.210688 0.022680 0.031995
0 0.913918 0.603812 0.029210 0.069435
0 0.976117 0.691627 0.025773 0.069435
0 0.993299 0.649661 0.012715 0.035877
0 0.849141 0.893805 0.030928 0.035398
0 0.777148 0.946562 0.020962 0.066031
0 0.952062 0.903336 0.029897 0.057182