4 0.916000 0.836856 0.014667 0.040951
4 0.889697 0.729194 0.021939 0.063408
4 0.750000 0.763717 0.032000 0.047203
4 0.832211 0.627427 0.022887 0.060865
4 0.765333 0.659426 0.024000 0.042406
4 0.956238 0.854670 0.013809 0.028860
4 0.928961 0.672383 0.024968 0.047118
4 0.921333 0.591659 0.021333 0.068391
4 0.902358 0.575555 0.024076 0.032510
4 0.873675 0.604946 0.018429 0.058309
4 0.798029 0.538269 0.028237 0.056884
4 0.747809 0.625495 0.027617 0.033025
4 0.830667 0.498289 0.017333 0.045456
4 0.854343 0.461398 0.022019 0.036252
4 0.903333 0.324680 0.025333 0.034921
4 0.830000 0.328777 0.024000 0.058429
4 0.816333 0.258917 0.024667 0.034346
4 0.754484 0.326948 0.029723 0.059445
4 0.719760 0.334214 0.024480 0.068692
4 0.563333 0.243065 0.013333 0.029062
4 0.299107 0.879839 0.015333 0.031380
8 0.198000 0.902246 0.077333 0.142668
4 0.366273 0.739102 0.028788 0.048877
4 0.314278 0.748032 0.029890 0.045601
4 0.212000 0.712021 0.025333 0.055482
4 0.359292 0.635880 0.036083 0.064843
4 0.274424 0.555797 0.032486 0.041012
4 0.304051 0.504017 0.028529 0.043701
4 0.272333 0.426684 0.032667 0.039630
4 0.338667 0.476098 0.021333 0.027493
4 0.376212 0.673567 0.026291 0.038240
4 0.338514 0.417985 0.026972 0.053935
4 0.371198 0.427345 0.033604 0.040951
4 0.400694 0.361466 0.018721 0.043937
4 0.416978 0.322325 0.021955 0.060766
4 0.217083 0.478592 0.012832 0.032481
4 0.124667 0.521598 0.024000 0.058520
4 0.480333 0.196169 0.022000 0.027741
4 0.218716 0.180165 0.033431 0.038005