6 0.064060 0.074526 0.049347 0.051887
6 0.062247 0.195323 0.015670 0.110396
6 0.069230 0.177912 0.041128 0.019192
7 0.074757 0.146719 0.015416 0.035659
7 0.056239 0.300590 0.025157 0.016119
7 0.185799 0.386139 0.014009 0.030463
6 0.148527 0.481408 0.023786 0.121302
6 0.248536 0.531135 0.065065 0.041786
6 0.187790 0.566909 0.031234 0.082934
6 0.212720 0.591909 0.047858 0.050958
6 0.049870 0.649353 0.037541 0.040988
6 0.051733 0.706780 0.022926 0.083440
7 0.110537 0.655990 0.014215 0.037645
6 0.136416 0.656831 0.037541 0.026033
6 0.144583 0.624151 0.017768 0.052620
6 0.143007 0.756531 0.047285 0.022709
7 0.161348 0.737481 0.010603 0.011196
7 0.088066 0.792257 0.012159 0.040988
7 0.088830 0.848495 0.015475 0.021048
7 0.201024 0.849602 0.015762 0.033233
7 0.069801 0.982033 0.019145 0.034443
6 0.220132 0.992280 0.036007 0.013949
6 0.344645 0.364182 0.018890 0.058961
7 0.291330 0.376215 0.018914 0.023817
7 0.305372 0.405017 0.008024 0.037111
6 0.343916 0.534620 0.044419 0.054849
6 0.340088 0.445866 0.014822 0.089455
6 0.358388 0.425234 0.020633 0.066466
6 0.373736 0.529642 0.026620 0.079206
7 0.389975 0.573676 0.006751 0.023263
6 0.409809 0.650260 0.012363 0.133749
6 0.451164 0.708426 0.066062 0.046526
6 0.359560 0.798000 0.060704 0.041319
6 0.427166 0.790284 0.015475 0.111478
6 0.262610 0.639090 0.013380 0.091891
7 0.318959 0.712175 0.010386 0.042466
7 0.313766 0.681306 0.007590 0.013926
6 0.319381 0.899889 0.032757 0.087633
6 0.328028 0.947567 0.053413 0.023163
6 0.333302 0.984048 0.056048 0.028954
6 0.364012 0.084555 0.031604 0.063047
6 0.472153 0.209679 0.052192 0.041708
6 0.537392 0.216226 0.053697 0.027643
6 0.546802 0.115594 0.029860 0.063047
6 0.472002 0.283881 0.033423 0.055288
6 0.496834 0.403805 0.044984 0.088266
6 0.447583 0.400653 0.037596 0.019884
7 0.526339 0.373934 0.009535 0.038917
6 0.578616 0.342351 0.049513 0.033949
6 0.658324 0.244143 0.058214 0.038313
6 0.668774 0.442741 0.044841 0.037828
6 0.638752 0.169456 0.035129 0.090691
6 0.679526 0.222319 0.026848 0.021824
7 0.687932 0.204588 0.004517 0.016430
6 0.724972 0.134326 0.044175 0.073480
6 0.716109 0.121389 0.028168 0.063131
6 0.753620 0.018780 0.023292 0.037560
6 0.753060 0.241700 0.054933 0.055369
6 0.847325 0.211428 0.053814 0.084864
6 0.883052 0.072230 0.026803 0.024838
6 0.901005 0.049203 0.023561 0.018112
6 0.521205 0.019836 0.029636 0.012656
7 0.531480 0.011843 0.015116 0.016649
6 0.765969 0.285822 0.062031 0.051548
6 0.791416 0.363711 0.038686 0.099697
6 0.821750 0.299417 0.032532 0.108194
6 0.817647 0.480968 0.056564 0.069108
6 0.638757 0.552295 0.049756 0.028890
6 0.556931 0.806421 0.041263 0.067975
6 0.541382 0.781780 0.036608 0.024358
6 0.482459 0.502799 0.035463 0.069108
6 0.503304 0.528856 0.043009 0.018127
6 0.558660 0.610143 0.026084 0.118390
6 0.641454 0.643846 0.009965 0.083833
7 0.705052 0.580121 0.012309 0.058345
7 0.698751 0.531689 0.007913 0.018127
6 0.750687 0.705509 0.030480 0.079871
7 0.790106 0.664952 0.011430 0.055621
6 0.783072 0.545484 0.027842 0.043051
6 0.872278 0.611159 0.034071 0.034057
6 0.918811 0.715422 0.033616 0.104228
6 0.962457 0.842308 0.038351 0.091766
6 0.881407 0.853354 0.050395 0.051548
7 0.869237 0.849673 0.016119 0.021525
7 0.691574 0.892346 0.016573 0.050632
6 0.537471 0.918694 0.035552 0.050632
6 0.586656 0.949933 0.028067 0.098643
6 0.629960 0.977803 0.009890 0.042904
6 0.701598 0.968293 0.011494 0.060964
7 0.850828 0.249201 0.016944 0.022549
7 0.387041 0.411391 0.012500 0.022549
7 0.384695 0.175583 0.005251 0.026845