0 0.409278 0.141253 0.028866 0.076923
0 0.266667 0.087815 0.017182 0.074881
0 0.159450 0.178012 0.043299 0.031995
0 0.101031 0.308713 0.026804 0.059224
0 0.420790 0.231450 0.016838 0.070796
0 0.298110 0.422056 0.026460 0.059905
0 0.338316 0.429544 0.029897 0.051736
0 0.062887 0.510211 0.013746 0.055140
0 0.122680 0.592240 0.016495 0.083050
0 0.010653 0.646018 0.021306 0.044929
0 0.214908 0.614634 0.029977 0.028451
0 0.275773 0.621171 0.042955 0.033356
0 0.357216 0.511572 0.018213 0.071477
0 0.351203 0.696392 0.022680 0.063989
0 0.436942 0.810075 0.028522 0.034037
0 0.260997 0.936011 0.024399 0.032675
0 0.029725 0.979464 0.031271 0.039710
0 0.383162 0.948945 0.039863 0.029952
0 0.453093 0.965283 0.033333 0.061266
0 0.546907 0.133424 0.040206 0.038121
0 0.638832 0.263785 0.013058 0.079646
0 0.581100 0.255616 0.039863 0.030633
0 0.674742 0.021443 0.029210 0.042886
0 0.798969 0.071477 0.015120 0.072158
0 0.754983 0.306331 0.023368 0.054459
0 0.964261 0.047311 0.041924 0.034717
0 0.675945 0.389381 0.031615 0.043567
0 0.566838 0.424779 0.025773 0.040844
0 0.872299 0.469707 0.047691 0.038121
0 0.915120 0.422396 0.017182 0.075562
0 0.952062 0.317563 0.034021 0.049694
0 0.940494 0.376447 0.023943 0.073519
0 0.943643 0.428863 0.026804 0.055820
0 0.904467 0.508850 0.020619 0.078285
0 0.792784 0.566712 0.042612 0.031995
0 0.843814 0.561607 0.025773 0.065351
0 0.697766 0.639210 0.036082 0.040844
0 0.818557 0.659292 0.035739 0.041525
0 0.869931 0.662015 0.032646 0.052417
0 0.921649 0.613002 0.032990 0.037440
0 0.926804 0.690265 0.029553 0.046290
0 0.770354 0.669549 0.030425 0.038894
0 0.758247 0.717495 0.020962 0.077604
0 0.967869 0.754595 0.024399 0.041525
0 0.510825 0.887679 0.034021 0.057182
0 0.737285 0.865214 0.034021 0.055820
0 0.597363 0.906594 0.031156 0.058554
0 0.777148 0.931926 0.043643 0.029952
0 0.899828 0.887338 0.023024 0.078285
0 0.970962 0.868278 0.039519 0.031995
0 0.612715 0.981961 0.019244 0.034717
0 0.964948 0.979578 0.035739 0.039483
0 0.487357 0.082369 0.039319 0.031314
8 0.017869 0.411504 0.030241 0.085092
8 0.188832 0.072498 0.038144 0.027910
8 0.216323 0.477876 0.017526 0.038121
8 0.072509 0.784207 0.012371 0.035398
8 0.280069 0.562968 0.033677 0.031314
8 0.325773 0.694350 0.026117 0.023145
8 0.674227 0.189925 0.024055 0.021784