3 0.103385 0.162842 0.017187 0.069945
3 0.250781 0.196175 0.021354 0.064481
3 0.282813 0.171585 0.017708 0.050273
3 0.373958 0.219126 0.025000 0.053552
3 0.220833 0.323497 0.015625 0.045902
3 0.212760 0.454645 0.031771 0.052459
3 0.344010 0.407650 0.033854 0.048087
3 0.422917 0.560656 0.016667 0.041530
3 0.401302 0.551913 0.018229 0.061202
3 0.304688 0.561749 0.030208 0.039344
3 0.159375 0.675410 0.034375 0.034973
3 0.195312 0.666120 0.019792 0.055738
3 0.230729 0.696721 0.026042 0.053552
3 0.180729 0.820765 0.020833 0.063388
3 0.090104 0.887978 0.029167 0.033880
3 0.066146 0.873224 0.019792 0.052459
3 0.523438 0.898361 0.019792 0.067760
3 0.553071 0.727707 0.024066 0.065249
3 0.580990 0.643716 0.018229 0.067760
3 0.578125 0.537705 0.030208 0.030601
3 0.608594 0.461749 0.015104 0.086339
3 0.591146 0.422404 0.017708 0.066667
3 0.586719 0.300000 0.029687 0.049180
3 0.528125 0.116393 0.019792 0.044809
3 0.641146 0.190710 0.020833 0.055738
3 0.661719 0.331694 0.031771 0.044809
3 0.665365 0.616940 0.019271 0.064481
3 0.720052 0.649727 0.023438 0.057923
3 0.783333 0.700000 0.021875 0.055738
3 0.803906 0.620219 0.016146 0.042623
3 0.783854 0.807650 0.030208 0.039344
3 0.838281 0.896175 0.031771 0.059016
3 0.915885 0.377596 0.014062 0.064481
3 0.818847 0.363674 0.033527 0.038082
3 0.833854 0.201639 0.030208 0.051366
3 0.899479 0.204918 0.021875 0.046995
3 0.813802 0.145902 0.027604 0.051366
8 0.167411 0.289852 0.074405 0.226854
8 0.340104 0.891257 0.013542 0.079781
8 0.298958 0.933880 0.008333 0.014208
8 0.081771 0.061202 0.051042 0.089617
8 0.080729 0.184699 0.014583 0.111475
8 0.247396 0.718579 0.014583 0.027322