0 0.368729 0.016338 0.038488 0.032675
0 0.218729 0.022124 0.015464 0.044248
0 0.115066 0.328114 0.015700 0.073519
0 0.045017 0.053778 0.017869 0.051736
0 0.217526 0.320286 0.028179 0.046971
0 0.437773 0.180054 0.029609 0.055140
0 0.274055 0.371001 0.042268 0.038121
0 0.024570 0.456093 0.031959 0.031314
0 0.118213 0.462219 0.037113 0.036760
0 0.327320 0.444860 0.016151 0.079646
0 0.399656 0.429204 0.039863 0.027910
0 0.274570 0.898230 0.038488 0.029272
0 0.347766 0.982301 0.024742 0.034037
0 0.444502 0.944180 0.027148 0.038121
0 0.615636 0.101430 0.025086 0.068074
0 0.628694 0.133424 0.043643 0.032675
0 0.778007 0.075562 0.014433 0.080327
0 0.965979 0.094963 0.028866 0.063308
0 0.556701 0.297141 0.033677 0.034717
0 0.656529 0.231790 0.023024 0.090538
0 0.641409 0.298162 0.032646 0.057182
0 0.654639 0.348877 0.035739 0.040163
0 0.714777 0.392784 0.038488 0.039483
0 0.727491 0.434309 0.021306 0.049013
0 0.803436 0.439074 0.026804 0.069435
0 0.735223 0.578625 0.025086 0.059905
0 0.797079 0.678012 0.023711 0.065351
0 0.782302 0.795439 0.023711 0.070116
0 0.981443 0.771613 0.031615 0.064670
0 0.472149 0.720528 0.031276 0.029898
0 0.463988 0.727800 0.032911 0.028281
0 0.423412 0.184471 0.020686 0.040364