6 0.921164 0.936289 0.045875 0.030551
6 0.958944 0.906491 0.064379 0.038020
6 0.913816 0.885991 0.035805 0.101341
7 0.945258 0.947094 0.010023 0.014903
7 0.835389 0.899404 0.010023 0.014903
6 0.943623 0.772443 0.048976 0.069300
6 0.924827 0.690387 0.036237 0.058867
6 0.870470 0.754095 0.017733 0.029814
6 0.757944 0.815201 0.027838 0.116244
6 0.807055 0.728763 0.053585 0.037258
6 0.778913 0.623323 0.027371 0.100596
6 0.729183 0.715723 0.055898 0.027571
6 0.865905 0.274042 0.022108 0.090559
6 0.851448 0.180700 0.009518 0.060358
6 0.587701 0.554120 0.041437 0.025994
6 0.608120 0.462440 0.033568 0.059009
6 0.576908 0.506905 0.048959 0.038351
6 0.584040 0.531016 0.054742 0.030368
6 0.468774 0.405222 0.036237 0.107016
6 0.405231 0.456280 0.010178 0.103577
8 0.828836 0.500373 0.323053 0.999255
6 0.577679 0.875559 0.065150 0.046200
6 0.645914 0.870829 0.042791 0.087410
6 0.387625 0.964325 0.050501 0.020679
6 0.364302 0.956373 0.049345 0.034952
6 0.393609 0.908728 0.033941 0.030570
6 0.272887 0.955734 0.044618 0.047086
6 0.228412 0.946957 0.063608 0.030099
6 0.209461 0.966095 0.064257 0.029061
6 0.193138 0.919151 0.032382 0.072280
6 0.187217 0.864802 0.055139 0.038487
7 0.143948 0.914391 0.016082 0.015297
6 0.119699 0.969076 0.038165 0.039493
6 0.250397 0.837183 0.015059 0.055887
6 0.377024 0.930956 0.032382 0.012901
6 0.060072 0.912817 0.020658 0.123696
6 0.049608 0.716468 0.011320 0.081222
6 0.163811 0.471311 0.038493 0.128912
6 0.068840 0.505749 0.038193 0.043180
7 0.108945 0.428877 0.008446 0.039694
6 0.094641 0.311550 0.057440 0.025484
6 0.092907 0.236960 0.023901 0.086438
6 0.271396 0.361028 0.014649 0.087183
6 0.306879 0.205721 0.038004 0.033669
6 0.416370 0.171013 0.023081 0.061848
6 0.424911 0.240046 0.010963 0.051597
6 0.353819 0.114891 0.008822 0.076280
6 0.852201 0.839710 0.025394 0.047551
6 0.837422 0.819002 0.053763 0.041414
6 0.801613 0.821303 0.034519 0.050618
6 0.842183 0.766467 0.032337 0.052919
6 0.853391 0.706085 0.030534 0.055165
6 0.925785 0.583876 0.015101 0.091839
6 0.920996 0.573376 0.005156 0.053039
6 0.592810 0.936893 0.031865 0.023896
6 0.569739 0.952544 0.028208 0.014136
6 0.590111 0.950861 0.062685 0.047793
7 0.561990 0.925538 0.010622 0.012453
6 0.663775 0.599497 0.027224 0.019922
6 0.695825 0.483180 0.026763 0.034820
6 0.618623 0.559240 0.023675 0.076751
6 0.551752 0.441771 0.013016 0.114004
6 0.540261 0.458086 0.016474 0.068796
8 0.530092 0.356268 0.009966 0.033416
6 0.714876 0.199801 0.026727 0.042989
6 0.897701 0.400296 0.029594 0.040506
6 0.883864 0.414056 0.030074 0.048855
6 0.894902 0.384218 0.030714 0.021335
6 0.921435 0.275902 0.021810 0.024432
6 0.237770 0.622087 0.041793 0.066569
6 0.248443 0.578055 0.042331 0.088065
6 0.223600 0.519808 0.022421 0.034671
6 0.203959 0.508193 0.026547 0.090491
6 0.084224 0.895555 0.019291 0.032221
6 0.029613 0.256204 0.008726 0.063499
7 0.034302 0.236920 0.009699 0.031458
8 0.019674 0.634298 0.016476 0.045882
8 0.845395 0.013645 0.049814 0.023484