3 0.149313 0.184820 0.018213 0.056501
6 0.147423 0.134105 0.019931 0.046290
6 0.294674 0.224643 0.019588 0.063989
6 0.449313 0.108237 0.027148 0.050374
6 0.465152 0.195711 0.029834 0.051055
6 0.174055 0.372703 0.023024 0.078285
0 0.298969 0.315861 0.034364 0.066712
6 0.357560 0.284888 0.016151 0.066031
6 0.458591 0.331858 0.020275 0.060585
6 0.364089 0.411164 0.021649 0.100749
6 0.263918 0.455071 0.021306 0.063308
8 0.086598 0.389381 0.037113 0.065351
1 0.258763 0.579615 0.043986 0.048270
2 0.362027 0.636487 0.040206 0.031314
6 0.407216 0.650102 0.038488 0.020422
1 0.212887 0.746767 0.020275 0.073519
6 0.348282 0.758339 0.026460 0.042206
6 0.034192 0.717835 0.014777 0.046971
6 0.027148 0.898570 0.011684 0.062628
6 0.641237 0.126276 0.030241 0.053778
2 0.748797 0.170865 0.029553 0.043567
1 0.809107 0.068414 0.029897 0.078285
0 0.910309 0.124575 0.015120 0.066712
6 0.868729 0.231450 0.022680 0.077604
8 0.904639 0.224643 0.034708 0.036760
8 0.535911 0.323009 0.071134 0.100068
8 0.587285 0.325051 0.024742 0.053778
6 0.965636 0.285568 0.007560 0.055140
6 0.943471 0.366375 0.007216 0.060067
6 0.721306 0.382233 0.032302 0.051055
8 0.823024 0.399932 0.065979 0.437713
8 0.567182 0.455071 0.027835 0.149081
2 0.535223 0.508169 0.024399 0.055140
3 0.668729 0.477195 0.021993 0.063989
6 0.645704 0.442478 0.033677 0.023145
6 0.703780 0.518720 0.009622 0.059905
3 0.645876 0.572839 0.018900 0.066031
6 0.630241 0.624234 0.026804 0.034037
6 0.672337 0.636147 0.040206 0.030633
6 0.699485 0.678693 0.012715 0.085773
6 0.711384 0.576440 0.033589 0.024222
6 0.781100 0.631722 0.026804 0.047651
6 0.544158 0.744384 0.011340 0.041525
6 0.583505 0.849558 0.031615 0.057182
6 0.678866 0.929544 0.020962 0.027910
6 0.906014 0.875425 0.027835 0.047651
6 0.911340 0.807692 0.017869 0.067393
6 0.925601 0.778421 0.023024 0.019741
8 0.657784 0.579499 0.018794 0.078182
8 0.686679 0.616263 0.012216 0.039091
6 0.541560 0.918126 0.021204 0.039189
6 0.390685 0.862423 0.037838 0.039735
8 0.743643 0.245405 0.026117 0.082369
8 0.051890 0.662355 0.020619 0.099387
8 0.394158 0.280803 0.020619 0.031995
8 0.069931 0.210007 0.022337 0.036079