3 0.087500 0.328415 0.023958 0.068852
3 0.099219 0.526776 0.019271 0.067760
3 0.214844 0.424044 0.030729 0.045902
3 0.252604 0.413661 0.037500 0.036066
3 0.291146 0.395628 0.028125 0.037158
3 0.384375 0.183060 0.019792 0.066667
3 0.374219 0.150273 0.035938 0.042623
3 0.268229 0.164481 0.017708 0.060109
3 0.246600 0.174863 0.031394 0.054645
3 0.158073 0.191257 0.023438 0.061202
3 0.145313 0.707650 0.018750 0.057923
3 0.269531 0.708743 0.020312 0.025137
3 0.403125 0.877596 0.023958 0.028415
3 0.390104 0.845355 0.034375 0.031694
3 0.251823 0.852459 0.023438 0.061202
3 0.213802 0.779781 0.018229 0.060109
3 0.208333 0.821311 0.030208 0.029508
3 0.101823 0.780874 0.018229 0.060109
3 0.100260 0.835519 0.024479 0.029508
3 0.093229 0.860656 0.028125 0.046995
3 0.253906 0.263388 0.022396 0.061202
3 0.590625 0.542623 0.014583 0.062295
3 0.719531 0.520765 0.036979 0.040437
3 0.896875 0.549180 0.019792 0.084153
3 0.928906 0.638251 0.027604 0.043716
3 0.752083 0.701639 0.014583 0.061202
3 0.727865 0.822404 0.014062 0.064481
3 0.767969 0.808197 0.034896 0.049180
3 0.776563 0.866667 0.026042 0.037158
3 0.834375 0.843716 0.019792 0.078689
3 0.596615 0.689071 0.016146 0.046995
3 0.627344 0.737158 0.020312 0.062295
3 0.571354 0.796175 0.022917 0.073224
3 0.595475 0.833107 0.011658 0.064492
3 0.585807 0.833031 0.015363 0.076014
3 0.626823 0.890710 0.034896 0.037158
3 0.727083 0.667213 0.019792 0.073224
8 0.698958 0.090710 0.019792 0.015301
8 0.848698 0.252890 0.056771 0.178373
8 0.727344 0.667213 0.019271 0.073224
3 0.249114 0.139023 0.021145 0.076953
3 0.730469 0.163934 0.032812 0.037158
3 0.760938 0.208197 0.030208 0.057923
3 0.769010 0.260656 0.040104 0.036066
3 0.845833 0.196721 0.035417 0.050273
3 0.695858 0.656120 0.036322 0.032593
3 0.670050 0.687459 0.021507 0.069198
3 0.573509 0.523993 0.021984 0.058166
3 0.812299 0.374066 0.034911 0.035186