1 0.758900 0.945541 0.014020 0.050374
1 0.931443 0.762083 0.026460 0.027910
8 0.884364 0.749489 0.081443 0.249149
1 0.920790 0.992852 0.010653 0.014295
8 0.724399 0.535058 0.025430 0.023145
8 0.653093 0.255956 0.012715 0.039483
8 0.546392 0.763785 0.013058 0.117086
8 0.234364 0.892784 0.100344 0.046971
1 0.710481 0.767529 0.020962 0.025187
1 0.615464 0.737577 0.015120 0.025187
1 0.590550 0.775357 0.011340 0.024506
1 0.518213 0.663717 0.019244 0.024506
1 0.746735 0.538121 0.014433 0.030633
1 0.757560 0.475494 0.020275 0.029272
1 0.760997 0.520762 0.013402 0.021784
1 0.833333 0.572498 0.017182 0.035398
1 0.950344 0.879510 0.009966 0.023145
1 0.989691 0.746426 0.012371 0.025187
1 0.900000 0.109939 0.032302 0.036079
1 0.932990 0.441457 0.013746 0.023826
1 0.878007 0.244384 0.014433 0.031314
1 0.808419 0.256297 0.015464 0.031995
1 0.643643 0.353642 0.017869 0.030633
1 0.717266 0.661807 0.011355 0.017909
1 0.720946 0.679925 0.016191 0.015826
1 0.726518 0.551856 0.011355 0.019566
1 0.640728 0.414615 0.012616 0.024990
1 0.527148 0.385977 0.013058 0.043567
1 0.681787 0.150102 0.019244 0.046971
1 0.638316 0.088836 0.031271 0.046971
1 0.511340 0.291336 0.015808 0.038158
1 0.475258 0.249149 0.016495 0.023145
1 0.444845 0.296120 0.011340 0.034037
1 0.389175 0.241321 0.016838 0.023826
1 0.376976 0.263104 0.010309 0.026549
1 0.292096 0.111300 0.014433 0.025187
1 0.267087 0.128999 0.012525 0.033356
1 0.292784 0.273315 0.011684 0.029272
1 0.312027 0.044248 0.037113 0.050374
1 0.098797 0.234854 0.015464 0.027229
1 0.120103 0.337304 0.020275 0.034717
1 0.161684 0.418276 0.015464 0.018309
1 0.031100 0.367937 0.014777 0.037440
1 0.304811 0.584411 0.019244 0.036079
1 0.153608 0.673247 0.012371 0.021784
1 0.131615 0.860109 0.013058 0.036079
1 0.183505 0.786249 0.013058 0.017699
1 0.024742 0.874064 0.009622 0.024506
1 0.152921 0.994894 0.012371 0.010211
8 0.007045 0.575902 0.013402 0.035398
1 0.150176 0.081119 0.013941 0.014332
1 0.158911 0.072206 0.008470 0.023070
1 0.003005 0.241954 0.005323 0.022345