4 0.795333 0.876486 0.025333 0.043593
4 0.709981 0.826071 0.039961 0.054053
4 0.806000 0.762880 0.036000 0.056803
4 0.780107 0.660779 0.018453 0.048111
4 0.874910 0.684145 0.032847 0.041738
4 0.693938 0.493672 0.017457 0.056314
4 0.807248 0.409991 0.035441 0.036029
4 0.834481 0.358653 0.023038 0.054161
4 0.733997 0.302248 0.020005 0.073453
4 0.715804 0.283971 0.019059 0.039720
4 0.573667 0.285997 0.016667 0.022457
4 0.784333 0.622853 0.012667 0.027741
4 0.195066 0.894117 0.030133 0.043288
4 0.259181 0.846103 0.022368 0.067371
4 0.286636 0.772005 0.025272 0.054404
4 0.251267 0.786658 0.018927 0.059445
4 0.098667 0.816380 0.025333 0.042272
4 0.340395 0.700393 0.021680 0.053362
4 0.383411 0.702774 0.016174 0.047556
4 0.303818 0.674225 0.028363 0.030679
4 0.286196 0.636619 0.023401 0.049988
4 0.172667 0.723250 0.025333 0.040951
4 0.229846 0.614927 0.025641 0.043593
4 0.356333 0.577279 0.020667 0.058124
4 0.247935 0.552003 0.034537 0.042626
4 0.260376 0.466975 0.023419 0.046235
4 0.275528 0.406154 0.030971 0.054052
4 0.328179 0.404540 0.026153 0.070917
4 0.364284 0.299357 0.026098 0.043295
4 0.289293 0.288873 0.029595 0.053695
4 0.265011 0.336304 0.031356 0.038091
4 0.348333 0.239972 0.034000 0.043174