3 0.850687 0.815180 0.018213 0.056501
6 0.852577 0.865895 0.019931 0.046290
6 0.705326 0.775357 0.019588 0.063989
6 0.550687 0.891763 0.027148 0.050374
6 0.534848 0.804289 0.029834 0.051055
6 0.825945 0.627297 0.023024 0.078285
0 0.701031 0.684139 0.034364 0.066712
6 0.642440 0.715112 0.016151 0.066031
6 0.541409 0.668142 0.020275 0.060585
6 0.635911 0.588836 0.021649 0.100749
6 0.736082 0.544929 0.021306 0.063308
8 0.913402 0.610619 0.037113 0.065351
1 0.741237 0.420385 0.043986 0.048270
2 0.637973 0.363513 0.040206 0.031314
6 0.592784 0.349898 0.038488 0.020422
1 0.787113 0.253233 0.020275 0.073519
6 0.651718 0.241661 0.026460 0.042206
6 0.965808 0.282165 0.014777 0.046971
6 0.972852 0.101430 0.011684 0.062628
6 0.358763 0.873724 0.030241 0.053778
2 0.251203 0.829135 0.029553 0.043567
1 0.190893 0.931586 0.029897 0.078285
0 0.089691 0.875425 0.015120 0.066712
6 0.131271 0.768550 0.022680 0.077604
8 0.095361 0.775357 0.034708 0.036760
8 0.464089 0.676991 0.071134 0.100068
8 0.412715 0.674949 0.024742 0.053778
6 0.034364 0.714432 0.007560 0.055140
6 0.056529 0.633625 0.007216 0.060067
6 0.278694 0.617767 0.032302 0.051055
8 0.176976 0.600068 0.065979 0.437713
8 0.432818 0.544929 0.027835 0.149081
2 0.464777 0.491831 0.024399 0.055140
3 0.331271 0.522805 0.021993 0.063989
6 0.354296 0.557522 0.033677 0.023145
6 0.296220 0.481280 0.009622 0.059905
3 0.354124 0.427161 0.018900 0.066031
6 0.369759 0.375766 0.026804 0.034037
6 0.327663 0.363853 0.040206 0.030633
6 0.300515 0.321307 0.012715 0.085773
6 0.288616 0.423560 0.033589 0.024222
6 0.218900 0.368278 0.026804 0.047651
6 0.455842 0.255616 0.011340 0.041525
6 0.416495 0.150442 0.031615 0.057182
6 0.321134 0.070456 0.020962 0.027910
6 0.093986 0.124575 0.027835 0.047651
6 0.088660 0.192308 0.017869 0.067393
6 0.074399 0.221579 0.023024 0.019741
8 0.342216 0.420501 0.018794 0.078182
8 0.313321 0.383737 0.012216 0.039091
6 0.458440 0.081874 0.021204 0.039189
6 0.609315 0.137577 0.037838 0.039735
8 0.256357 0.754595 0.026117 0.082369
8 0.948110 0.337645 0.020619 0.099387
8 0.605842 0.719197 0.020619 0.031995
8 0.930069 0.789993 0.022337 0.036079