8 0.850687 0.844452 0.033333 0.041525
0 0.988488 0.954391 0.023024 0.025868
6 0.571306 0.895167 0.034708 0.021784
6 0.539003 0.888700 0.021649 0.015657
6 0.604811 0.871341 0.037113 0.021784
1 0.625601 0.810075 0.023024 0.028591
6 0.679858 0.617076 0.024322 0.062106
6 0.989797 0.442138 0.012583 0.044248
6 0.943536 0.340527 0.037588 0.016656
6 0.772509 0.480698 0.009622 0.067876
6 0.827320 0.429274 0.034021 0.027769
6 0.776460 0.382914 0.029897 0.051055
1 0.705842 0.447250 0.030241 0.027216
6 0.809107 0.263445 0.034708 0.029952
8 0.882818 0.240300 0.050859 0.088496
6 0.901375 0.071477 0.025430 0.051736
8 0.663058 0.310415 0.028522 0.117086
6 0.641065 0.200817 0.020962 0.078965
6 0.654630 0.183455 0.029535 0.056494
6 0.683333 0.073860 0.027835 0.049694
6 0.659107 0.043907 0.034364 0.025187
0 0.579897 0.019401 0.014089 0.037440
6 0.177148 0.817384 0.023024 0.076236
8 0.078007 0.950647 0.062543 0.081007
8 0.279553 0.884956 0.029210 0.046290
0 0.304296 0.848536 0.039519 0.029272
6 0.328787 0.854848 0.035523 0.058204
8 0.334929 0.841489 0.035042 0.063929
8 0.320298 0.895400 0.044555 0.057250
6 0.437113 0.868152 0.041924 0.034466
1 0.474742 0.813479 0.039519 0.098026
0 0.300859 0.738257 0.020275 0.067393
6 0.313918 0.695031 0.025773 0.069435
6 0.337766 0.633543 0.040705 0.015892
3 0.089347 0.732471 0.025430 0.031314
6 0.028694 0.621511 0.016838 0.058543
1 0.037457 0.497958 0.027491 0.059224
1 0.428694 0.468686 0.017526 0.079646
6 0.329355 0.340640 0.025720 0.071761
0 0.268461 0.418652 0.034212 0.029952
6 0.378351 0.416273 0.023368 0.030640
6 0.402062 0.427842 0.013058 0.036079
6 0.422852 0.231790 0.029210 0.021103
6 0.410596 0.086779 0.028981 0.014408
6 0.397270 0.079880 0.019205 0.053566
1 0.369931 0.038165 0.030584 0.044841
6 0.365808 0.093601 0.020275 0.061947
6 0.334705 0.098026 0.025436 0.049013
6 0.301890 0.185592 0.053265 0.051239
1 0.230241 0.137745 0.042612 0.023631
6 0.205782 0.104524 0.019364 0.032057
6 0.097079 0.154333 0.029897 0.022758
8 0.064605 0.357386 0.037113 0.058543
3 0.249557 0.440992 0.036541 0.041118