2 0.179553 0.034717 0.035395 0.032675
2 0.235567 0.006807 0.013402 0.013615
2 0.282818 0.101430 0.015120 0.062628
2 0.239691 0.278080 0.037457 0.046971
8 0.403093 0.037440 0.015808 0.074881
2 0.462543 0.026549 0.033677 0.042206
2 0.499485 0.140912 0.037457 0.070796
2 0.401031 0.361811 0.012371 0.031995
2 0.445876 0.342750 0.028522 0.064670
2 0.334192 0.704221 0.026460 0.041525
8 0.367010 0.530293 0.009622 0.017699
8 0.468385 0.405037 0.010309 0.020422
8 0.154639 0.690606 0.008935 0.019741
8 0.028866 0.743703 0.010997 0.019741
2 0.150859 0.890402 0.017182 0.074881
2 0.285223 0.942478 0.028179 0.056501
2 0.369759 0.891423 0.028179 0.067393
2 0.487629 0.662696 0.015808 0.057862
2 0.845361 0.008850 0.013058 0.017699
8 0.696735 0.054459 0.015464 0.027229
2 0.592784 0.457794 0.028866 0.061947
2 0.848110 0.387338 0.021306 0.076242
2 0.901203 0.298502 0.020275 0.070116
2 0.944502 0.114364 0.023711 0.065351
2 0.649828 0.664398 0.017869 0.061266
2 0.579897 0.658952 0.019588 0.038121
2 0.657216 0.852621 0.013402 0.045609
2 0.689347 0.977536 0.044674 0.043567
2 0.673368 0.990470 0.029897 0.017699
2 0.778522 0.673928 0.018213 0.054459
2 0.912715 0.731110 0.025430 0.053097
2 0.960997 0.618108 0.027148 0.024506
2 0.974742 0.935671 0.027148 0.072839