8 0.293986 0.360109 0.062887 0.153846
8 0.248625 0.276719 0.017526 0.066031
8 0.099828 0.420694 0.022337 0.102110
8 0.337973 0.101770 0.015464 0.021103
8 0.432131 0.250511 0.014089 0.088496
8 0.464433 0.471409 0.024399 0.036079
8 0.275773 0.793590 0.108247 0.261402
8 0.466495 0.622873 0.034021 0.102110
8 0.418900 0.769571 0.048110 0.030633
8 0.459107 0.732471 0.009622 0.024506
8 0.643986 0.486385 0.245361 0.417291
8 0.545704 0.534037 0.021993 0.072839
8 0.587973 0.506807 0.023368 0.049694
8 0.554124 0.580667 0.048454 0.069435
8 0.656357 0.665759 0.056357 0.044929
8 0.907216 0.170184 0.041237 0.058543
8 0.634880 0.041525 0.031959 0.083050
8 0.545704 0.132403 0.009622 0.034717
8 0.724742 0.234173 0.013746 0.065351
8 0.951546 0.363172 0.017869 0.019741
8 0.870103 0.753574 0.088660 0.190606
8 0.920103 0.807352 0.031959 0.081688
8 0.950344 0.797408 0.098625 0.403823
8 0.790034 0.816201 0.057732 0.029952
8 0.768041 0.883254 0.038488 0.075562
8 0.749828 0.955752 0.015120 0.087134
8 0.712027 0.900613 0.035052 0.032675
8 0.838488 0.618108 0.061168 0.076242
8 0.541193 0.861412 0.123527 0.090283
8 0.587999 0.859813 0.062924 0.136388
8 0.624760 0.883321 0.010033 0.076131
8 0.619332 0.945495 0.007995 0.023736
8 0.595993 0.925198 0.010315 0.011749
8 0.435331 0.939501 0.014442 0.017879
8 0.699855 0.709888 0.022312 0.042909
8 0.896521 0.472932 0.012167 0.007696
1 0.217182 0.285568 0.017869 0.049694
1 0.065808 0.111641 0.024399 0.038121
1 0.128179 0.067393 0.010309 0.031314
1 0.143643 0.105174 0.010309 0.014295
1 0.258935 0.329476 0.022337 0.020422
1 0.749313 0.199115 0.015464 0.021103
1 0.675430 0.329476 0.010653 0.025868
1 0.544158 0.440095 0.012715 0.026549
1 0.680756 0.358407 0.023368 0.029272
1 0.570790 0.515997 0.015808 0.024506
1 0.763918 0.518039 0.028866 0.073519
1 0.822852 0.418652 0.014089 0.031314
1 0.879210 0.364534 0.020275 0.055140
1 0.928866 0.368278 0.021306 0.031314
1 0.939003 0.335262 0.012715 0.036079
1 0.872680 0.478216 0.014777 0.030633
1 0.937801 0.493873 0.014433 0.015657
1 0.943643 0.554118 0.031615 0.043567
1 0.937457 0.663036 0.014433 0.031314
1 0.720790 0.728046 0.013402 0.030633
1 0.444330 0.700817 0.013746 0.026549
1 0.076976 0.605174 0.029553 0.046290
1 0.223540 0.938734 0.013402 0.024506