8 0.787584 0.447635 0.031250 0.109798
8 0.586571 0.961458 0.061655 0.074943
8 0.036318 0.119510 0.030405 0.049832
8 0.533361 0.391047 0.019426 0.067567
3 0.820101 0.291385 0.016892 0.064190
3 0.718328 0.182432 0.031250 0.050676
3 0.850507 0.142737 0.030405 0.042229
3 0.336149 0.314189 0.020270 0.060810
3 0.175253 0.199324 0.029561 0.045608
8 0.886402 0.463683 0.080236 0.038851
3 0.602196 0.706503 0.025338 0.054899
3 0.204814 0.700169 0.027872 0.050676
3 0.717483 0.881334 0.029561 0.051520
3 0.337838 0.223395 0.028716 0.031251
3 0.660473 0.724240 0.030405 0.043075
3 0.741976 0.411740 0.024493 0.058276
3 0.081926 0.138514 0.028716 0.033784
3 0.349240 0.255067 0.026183 0.033784
3 0.206081 0.287584 0.025338 0.044763
3 0.220017 0.453125 0.017736 0.071790
3 0.384713 0.861909 0.026182 0.059966
8 0.837838 0.371622 0.038852 0.025337
3 0.179477 0.268159 0.017736 0.070102
3 0.328125 0.438345 0.024494 0.059122
3 0.753378 0.039696 0.018581 0.062500
3 0.671453 0.873311 0.033784 0.030406
3 0.142736 0.372044 0.021959 0.065034
3 0.533784 0.494933 0.021959 0.048987
3 0.957348 0.465794 0.029560 0.032939
3 0.406250 0.708193 0.032095 0.041385
3 0.633599 0.150760 0.033477 0.043075
3 0.777449 0.239443 0.016047 0.046453
3 0.881334 0.122889 0.017736 0.059966
8 0.458192 0.142737 0.051520 0.140203
3 0.548986 0.828969 0.023649 0.049832
3 0.695524 0.774071 0.026183 0.046453
3 0.061233 0.850506 0.024493 0.045608
3 0.442145 0.082348 0.029560 0.046452
3 0.614865 0.638513 0.025338 0.050676
3 0.308277 0.675676 0.032095 0.032094
3 0.360220 0.809966 0.021115 0.054055
3 0.635135 0.546031 0.032094 0.041384
3 0.191723 0.054899 0.015203 0.062500
3 0.722128 0.621199 0.032094 0.039696
3 0.851773 0.685388 0.017736 0.068412
3 0.540541 0.153294 0.016892 0.070102
3 0.574747 0.405406 0.024493 0.045608
3 0.785051 0.660895 0.022804 0.051520
3 0.173142 0.821790 0.016892 0.055743
3 0.723818 0.382602 0.016892 0.067567
3 0.429054 0.170608 0.018581 0.062500
3 0.855574 0.429899 0.016892 0.062500
8 0.556166 0.339105 0.026182 0.038006
3 0.859375 0.330236 0.027872 0.040541
8 0.389780 0.204392 0.027871 0.030405
3 0.069679 0.272382 0.021115 0.053209
3 0.317990 0.630912 0.029561 0.040540
3 0.697635 0.340794 0.015203 0.070102
3 0.668074 0.504223 0.020270 0.064190
3 0.849240 0.274915 0.014358 0.061655
3 0.113176 0.663851 0.013514 0.054054
3 0.030828 0.434122 0.016047 0.064190
3 0.205659 0.817145 0.012669 0.056588
3 0.421453 0.926942 0.015203 0.061655
3 0.264358 0.762246 0.023648 0.061655
3 0.361064 0.317567 0.019426 0.059122
3 0.547720 0.948480 0.026183 0.045608
3 0.569002 0.766892 0.031584 0.047298
3 0.133446 0.445946 0.032095 0.035472
3 0.552787 0.865287 0.029561 0.038006
3 0.813345 0.117399 0.013514 0.064190
3 0.645692 0.419763 0.021115 0.060812
3 0.342061 0.541385 0.028716 0.040541
3 0.938345 0.134713 0.020270 0.063345
3 0.350507 0.126689 0.030405 0.028716
8 0.603463 0.050253 0.010980 0.024494
3 0.067145 0.538429 0.031250 0.036318
3 0.799831 0.617821 0.018581 0.070102
3 0.624578 0.799831 0.027872 0.042230
3 0.920608 0.758024 0.030406 0.051520
3 0.559122 0.144848 0.015203 0.063345
3 0.645668 0.933700 0.030406 0.044763
3 0.600084 0.926520 0.026182 0.030405
3 0.593750 0.801942 0.013514 0.061655
3 0.045608 0.625000 0.030406 0.032094
3 0.662162 0.431588 0.013514 0.027028
8 0.535051 0.281672 0.009291 0.022804
3 0.660473 0.584460 0.028716 0.038851
8 0.263091 0.185811 0.012669 0.030406
8 0.944679 0.553632 0.029561 0.075169
3 0.724662 0.826858 0.030406 0.043920
3 0.897382 0.392737 0.027872 0.037163
3 0.058277 0.469595 0.016892 0.076014
3 0.256334 0.485642 0.031250 0.035472
8 0.597973 0.163429 0.010135 0.022804
3 0.799831 0.618665 0.018581 0.071791
3 0.069679 0.958615 0.019426 0.040541
3 0.836993 0.805321 0.020270 0.051520
3 0.754645 0.135980 0.022804 0.057433
3 0.416514 0.630490 0.031837 0.032939
3 0.387669 0.501689 0.023648 0.052365
3 0.183173 0.402898 0.031090 0.040541
3 0.579427 0.531250 0.035841 0.030406
3 0.403294 0.334882 0.016047 0.081926
3 0.099662 0.203969 0.030406 0.041384
3 0.221284 0.670608 0.023649 0.042229
3 0.117188 0.059422 0.028125 0.039615
3 0.096354 0.083512 0.017708 0.070664
3 0.319271 0.117238 0.028125 0.056745
3 0.360156 0.063169 0.023438 0.062099
3 0.344271 0.090873 0.031250 0.042560
8 0.459375 0.042827 0.011458 0.044968
3 0.196354 0.322270 0.016667 0.070664
3 0.084115 0.344218 0.032812 0.033191
3 0.369531 0.421842 0.030729 0.034261
3 0.272917 0.525696 0.019792 0.055675
3 0.032552 0.496253 0.019271 0.061028
3 0.081510 0.496253 0.027604 0.043897
3 0.132552 0.552998 0.028646 0.043897
3 0.076563 0.580835 0.027083 0.043897
3 0.083073 0.626338 0.022396 0.044968
3 0.088021 0.668083 0.027083 0.049273
3 0.121354 0.706638 0.029167 0.047109
3 0.336458 0.598501 0.020833 0.057816
3 0.394271 0.583691 0.018750 0.075305
3 0.375521 0.531049 0.034375 0.032120
3 0.080729 0.807281 0.029167 0.049251
8 0.290365 0.276767 0.021354 0.131692
8 0.181510 0.578158 0.174479 0.092077
8 0.243490 0.692184 0.030729 0.116702
8 0.350260 0.649358 0.007812 0.046039
8 0.143204 0.688972 0.008283 0.069593
8 0.145573 0.642398 0.020313 0.023555
8 0.029687 0.755889 0.030208 0.143469
3 0.282031 0.835118 0.030729 0.042827
3 0.239063 0.774625 0.033333 0.050321
8 0.398438 0.913812 0.016667 0.020343
8 0.009115 0.842077 0.018229 0.026767
8 0.194271 0.903640 0.019792 0.070664
3 0.101636 0.871807 0.029825 0.054107
3 0.135156 0.890257 0.032812 0.033191
3 0.155469 0.874732 0.025521 0.062099
3 0.133854 0.842077 0.025000 0.050321
3 0.108333 0.831370 0.022917 0.063169
3 0.225000 0.890792 0.026042 0.042827
3 0.261947 0.887020 0.026105 0.069643
3 0.374219 0.917024 0.034896 0.039615
3 0.704688 0.145075 0.026042 0.043897
8 0.691146 0.127409 0.055208 0.167024
8 0.659651 0.159245 0.017708 0.046039
3 0.868229 0.188972 0.019792 0.067452
3 0.894271 0.182548 0.019792 0.065310
3 0.909375 0.197537 0.020833 0.063169
3 0.883594 0.320128 0.016146 0.066381
3 0.771875 0.397216 0.027083 0.053533
3 0.580729 0.224304 0.021875 0.043897
8 0.780990 0.118308 0.066146 0.172377
3 0.521615 0.567452 0.019271 0.072805
3 0.836979 0.877409 0.021875 0.071734
3 0.961979 0.976981 0.025000 0.043897
8 0.986719 0.433084 0.025521 0.026767
3 0.286887 0.078695 0.033894 0.032971
3 0.282562 0.107120 0.032833 0.039372
3 0.314276 0.188676 0.032087 0.042951
3 0.325717 0.202737 0.029599 0.038348
3 0.062059 0.176915 0.029102 0.032724
3 0.086311 0.167711 0.027361 0.029656
3 0.064422 0.208361 0.030345 0.034258
3 0.035196 0.219099 0.027609 0.041416
3 0.038057 0.247477 0.030843 0.034770
3 0.147375 0.252590 0.024625 0.058290
3 0.111930 0.272020 0.024376 0.069540
8 0.138021 0.112955 0.008333 0.020343
8 0.101823 0.275161 0.009896 0.014989
3 0.108946 0.168479 0.023879 0.056756
3 0.193888 0.446891 0.017163 0.042951
3 0.190530 0.486774 0.028356 0.061359
3 0.247219 0.824671 0.022258 0.057738
3 0.241390 0.866068 0.018548 0.062095
3 0.366722 0.873966 0.021197 0.052835
3 0.145072 0.786542 0.021462 0.068632
3 0.138448 0.763392 0.027292 0.055014
3 0.088766 0.917814 0.016958 0.063184
8 0.083599 0.869336 0.043190 0.090420
3 0.551540 0.214338 0.018813 0.061550
3 0.554852 0.251922 0.018548 0.058283
3 0.884345 0.206168 0.016693 0.062640
3 0.925813 0.199359 0.024907 0.064274
3 0.918791 0.299310 0.027822 0.053925
8 0.898653 0.292502 0.049020 0.070812
3 0.696215 0.534075 0.030472 0.044120
8 0.711715 0.537888 0.019608 0.040852
3 0.626394 0.590179 0.029677 0.033227
3 0.604402 0.586094 0.013248 0.032682
3 0.547168 0.620137 0.029147 0.048478
3 0.536171 0.647645 0.022523 0.076257
3 0.552732 0.673518 0.025437 0.056104
3 0.578169 0.854357 0.023318 0.057193
3 0.578567 0.812415 0.017223 0.066998
3 0.569690 0.902563 0.031267 0.045755
3 0.737153 0.776193 0.021198 0.054469
8 0.749342 0.758762 0.010599 0.031593
3 0.720724 0.777555 0.020138 0.057193
3 0.848971 0.826033 0.022258 0.051746
8 0.854688 0.755353 0.009375 0.024625
3 0.853211 0.553140 0.021728 0.068087
3 0.868314 0.561037 0.016958 0.061006
3 0.924355 0.550961 0.018813 0.059372
3 0.881033 0.596443 0.025437 0.045755
3 0.885007 0.623133 0.031267 0.057738
3 0.398958 0.381692 0.014583 0.024625