2 0.201718 0.111981 0.032302 0.045609
2 0.106186 0.067393 0.028866 0.031314
2 0.052405 0.155888 0.016151 0.062628
2 0.087801 0.313479 0.038832 0.045609
2 0.134192 0.284207 0.022337 0.059224
2 0.081787 0.370660 0.026804 0.067393
2 0.059278 0.379850 0.013402 0.053097
2 0.002749 0.121852 0.005498 0.025868
2 0.384536 0.221579 0.019244 0.081007
2 0.484021 0.137509 0.012027 0.029952
2 0.486082 0.496937 0.021649 0.055820
8 0.418041 0.604493 0.012027 0.024506
2 0.416495 0.659973 0.018557 0.079646
2 0.263402 0.840027 0.018900 0.054459
2 0.256733 0.990329 0.015744 0.017980
8 0.310653 0.863172 0.057732 0.125255
8 0.347251 0.631042 0.021649 0.113002
8 0.214948 0.576242 0.013402 0.021103
8 0.266667 0.686521 0.008247 0.017018
2 0.580069 0.090878 0.023368 0.070116
2 0.625601 0.184820 0.020962 0.030633
2 0.660309 0.230088 0.036082 0.038121
2 0.741581 0.273656 0.014433 0.066712
8 0.736770 0.127638 0.010309 0.021103
2 0.884880 0.242342 0.013058 0.034037
2 0.836942 0.499319 0.017526 0.042886
8 0.932818 0.109258 0.009278 0.018380
2 0.950515 0.474813 0.024742 0.067393
2 0.865808 0.542546 0.016838 0.078965
8 0.622509 0.404016 0.043643 0.067393
2 0.543814 0.599387 0.014777 0.079646
2 0.622852 0.610960 0.015464 0.079646
2 0.729725 0.830837 0.018213 0.078285
2 0.568385 0.849558 0.026804 0.061266
8 0.548797 0.981961 0.015808 0.034717
8 0.542784 0.955752 0.017526 0.028591
8 0.491409 0.990810 0.013058 0.017018
2 0.955670 0.909462 0.021993 0.050374