1 0.458247 0.215453 0.022337 0.045609
8 0.258076 0.123894 0.041924 0.046290
2 0.219072 0.219877 0.027148 0.063989
6 0.264089 0.198094 0.021649 0.025868
6 0.335860 0.163515 0.026562 0.054182
0 0.293127 0.244044 0.026804 0.045609
1 0.014605 0.353982 0.029210 0.032675
6 0.210997 0.299864 0.030241 0.031995
6 0.184880 0.380191 0.015120 0.059224
0 0.203265 0.362151 0.015464 0.068074
6 0.350000 0.328114 0.019588 0.047651
6 0.398969 0.401974 0.030928 0.051055
6 0.444379 0.404346 0.041336 0.064010
6 0.272337 0.537440 0.014089 0.067393
6 0.339347 0.585773 0.027835 0.059224
6 0.075430 0.482982 0.018213 0.057862
6 0.049485 0.595643 0.028179 0.032675
6 0.115120 0.591559 0.015120 0.049013
0 0.151375 0.494214 0.040206 0.029952
6 0.231787 0.692988 0.027835 0.066712
6 0.270790 0.731450 0.018557 0.038802
6 0.218041 0.794758 0.011340 0.053778
6 0.264777 0.809394 0.032646 0.024506
1 0.239863 0.745745 0.054296 0.029272
1 0.417869 0.719197 0.019931 0.072839
3 0.390893 0.547311 0.023024 0.054459
6 0.441924 0.748809 0.018557 0.061266
6 0.458591 0.717155 0.026460 0.036079
6 0.384536 0.825051 0.030928 0.035398
6 0.371649 0.894486 0.011340 0.051736
6 0.398969 0.885296 0.020619 0.041525
0 0.453952 0.917971 0.017182 0.075562
3 0.060481 0.735194 0.031615 0.039483
2 0.081615 0.812117 0.031271 0.070796
6 0.054296 0.860790 0.026804 0.074200
8 0.126289 0.862151 0.027835 0.042886
8 0.145876 0.828455 0.017526 0.040844
8 0.016151 0.840708 0.019931 0.069435
6 0.394845 0.456093 0.021306 0.046290
0 0.460825 0.505106 0.027491 0.038121
2 0.554811 0.269231 0.032646 0.056501
6 0.739003 0.113150 0.042268 0.023441
6 0.772165 0.205582 0.034364 0.036760
6 0.817010 0.241661 0.020962 0.058543
6 0.776632 0.276378 0.023368 0.051736
1 0.885911 0.121511 0.052921 0.078285
6 0.860137 0.040844 0.024742 0.046290
0 0.986770 0.083390 0.025773 0.033356
3 0.830584 0.164057 0.017182 0.057182
6 0.786426 0.316542 0.043643 0.023145
6 0.802234 0.340027 0.031959 0.044248
8 0.855842 0.364534 0.023024 0.083730
0 0.891409 0.371341 0.016495 0.060585
6 0.916323 0.380531 0.025086 0.061266
1 0.950859 0.344452 0.035052 0.032675
0 0.980069 0.366916 0.017182 0.055820
8 0.550515 0.492172 0.043299 0.053097
6 0.564605 0.562287 0.018557 0.062628
6 0.675430 0.509190 0.038144 0.031314
1 0.768041 0.491491 0.017869 0.066712
6 0.780069 0.511913 0.017869 0.069435
6 0.874399 0.418993 0.031959 0.023826
6 0.609966 0.696392 0.011684 0.074881
1 0.572337 0.665078 0.018900 0.057182
3 0.655842 0.564329 0.030584 0.051736
2 0.536942 0.697754 0.017526 0.076242
1 0.752577 0.640231 0.054983 0.075562
3 0.803093 0.769912 0.022680 0.069435
2 0.986254 0.824711 0.017182 0.063308
6 0.989347 0.716133 0.010309 0.057182
6 0.968900 0.616746 0.013402 0.077604
6 0.969416 0.551736 0.024742 0.056501
3 0.890893 0.906739 0.023024 0.053097
8 0.851203 0.851940 0.052234 0.106875
8 0.712992 0.285297 0.071804 0.019664
8 0.761468 0.420982 0.088018 0.087834
3 0.792903 0.413443 0.030442 0.039984
8 0.787129 0.142624 0.032278 0.025178
0 0.484618 0.071558 0.035688 0.052878
8 0.419552 0.483088 0.017264 0.063224
6 0.416861 0.655524 0.007162 0.063057
6 0.279418 0.214898 0.037247 0.013872
6 0.036042 0.754318 0.030198 0.046973
6 0.794264 0.923671 0.032547 0.024975