6 0.682729 0.830136 0.051658 0.065510
6 0.742483 0.853949 0.026214 0.068554
6 0.782190 0.920649 0.029298 0.085709
6 0.604472 0.962742 0.055513 0.070045
6 0.982460 0.865730 0.035081 0.034961
6 0.859098 0.738475 0.066692 0.040288
6 0.927332 0.708644 0.064379 0.043219
6 0.914890 0.605812 0.020991 0.113264
6 0.941553 0.559985 0.052128 0.070790
6 0.890324 0.569672 0.035852 0.023100
6 0.805841 0.588563 0.041635 0.058867
6 0.533153 0.978763 0.036237 0.042474
6 0.649190 0.687034 0.023901 0.047690
6 0.963184 0.408346 0.030455 0.113264
6 0.780069 0.372206 0.022745 0.127422
6 0.906515 0.409091 0.025829 0.073025
6 0.799152 0.430700 0.025443 0.026826
6 0.802397 0.209389 0.014972 0.067064
6 0.935813 0.248510 0.042791 0.100596
6 0.963358 0.157973 0.028489 0.095380
6 0.893793 0.039982 0.048959 0.043732
6 0.610833 0.193290 0.048959 0.032198
6 0.505204 0.294761 0.060524 0.030655
6 0.457980 0.374814 0.020046 0.137109
6 0.383963 0.388076 0.031611 0.141880
6 0.340208 0.412444 0.024287 0.124441
6 0.227255 0.366643 0.058211 0.029858
6 0.523939 0.190387 0.027062 0.055887
6 0.484194 0.140462 0.026214 0.082712
6 0.488909 0.041356 0.014826 0.081222
6 0.334118 0.210245 0.027756 0.035022
6 0.223207 0.227601 0.040864 0.060269
6 0.223015 0.148659 0.022745 0.073770
6 0.191981 0.192996 0.012336 0.056632
6 0.340383 0.071908 0.013143 0.048435
7 0.568813 0.188152 0.008867 0.032042
7 0.413840 0.353577 0.014264 0.039493
7 0.308597 0.549180 0.028142 0.023845
7 0.401889 0.597615 0.017348 0.031297
7 0.745952 0.648286 0.015420 0.025335
6 0.328450 0.007824 0.030840 0.014158
6 0.324981 0.953055 0.061681 0.032787
6 0.376831 0.899404 0.027371 0.056632
6 0.421550 0.857303 0.016577 0.112519
6 0.458751 0.779434 0.050887 0.031297
7 0.485736 0.905738 0.010794 0.040984
6 0.532961 0.792846 0.028142 0.032787
7 0.475906 0.723547 0.015806 0.035768
6 0.516769 0.688897 0.018119 0.131893
6 0.450655 0.657858 0.037779 0.045970
6 0.338666 0.811848 0.048188 0.048435
6 0.333655 0.771610 0.055898 0.042474
6 0.214919 0.943741 0.020432 0.072280
6 0.022938 0.954327 0.031226 0.024898
6 0.241519 0.694858 0.021974 0.137854
6 0.210995 0.640462 0.042928 0.026080
6 0.201234 0.596125 0.047032 0.067064
7 0.162105 0.559240 0.008867 0.029061
6 0.087317 0.611401 0.022745 0.073770
6 0.150732 0.444486 0.033153 0.073770
6 0.009252 0.509537 0.017733 0.038003
6 0.041076 0.263040 0.066653 0.055142
6 0.077101 0.147541 0.031611 0.105812
7 0.109676 0.138227 0.015035 0.046945
6 0.043505 0.133756 0.048959 0.036513
6 0.079414 0.064829 0.020817 0.047690
6 0.674428 0.612531 0.026340 0.142259
7 0.658740 0.614402 0.006585 0.041180
6 0.722266 0.507708 0.006585 0.050914
6 0.704622 0.469699 0.046508 0.029265
6 0.832520 0.462526 0.041066 0.068475
6 0.836577 0.443877 0.027015 0.038828
6 0.748261 0.417960 0.028499 0.060442
6 0.736387 0.398068 0.049873 0.061972
6 0.736386 0.285982 0.017416 0.123944
7 0.730845 0.306258 0.006333 0.026778
6 0.722335 0.284262 0.013854 0.095253
6 0.726887 0.121489 0.039581 0.081099
7 0.714023 0.115751 0.017020 0.029838
6 0.897187 0.110778 0.031665 0.087220
6 0.880662 0.097389 0.016031 0.052791
7 0.901739 0.132200 0.010687 0.027543
6 0.405980 0.508765 0.018221 0.059647
6 0.439336 0.241704 0.017927 0.081375
6 0.448741 0.248023 0.013225 0.076689
6 0.265098 0.231550 0.041512 0.065327
6 0.266200 0.231834 0.034899 0.059079
6 0.445647 0.149976 0.050337 0.025899