6 0.953058 0.957229 0.027940 0.085542
6 0.822671 0.789164 0.007540 0.082424
6 0.763868 0.663294 0.027351 0.020626
6 0.906688 0.592508 0.026435 0.030002
7 0.836962 0.563443 0.010186 0.043128
6 0.729584 0.637277 0.036985 0.040785
6 0.666588 0.574518 0.033226 0.017462
6 0.691386 0.678061 0.018796 0.054848
6 0.953799 0.515158 0.039532 0.087194
6 0.906992 0.559224 0.055538 0.050629
6 0.892804 0.493360 0.047050 0.067037
6 0.837750 0.456325 0.032013 0.068911
6 0.787548 0.378917 0.029588 0.120361
7 0.916935 0.341707 0.017219 0.013126
6 0.731676 0.456443 0.026132 0.026252
6 0.792830 0.981874 0.009377 0.036252
8 0.775706 0.903854 0.046072 0.096147
8 0.737788 0.979313 0.006116 0.021673
8 0.638088 0.734954 0.029408 0.116025
6 0.968917 0.180282 0.049215 0.039429
6 0.963736 0.083117 0.031731 0.103580
6 0.943273 0.065385 0.035088 0.063034
6 0.851963 0.090842 0.031650 0.017591
6 0.798522 0.032796 0.009707 0.064101
7 0.752988 0.232686 0.007325 0.029366
6 0.670787 0.248418 0.053444 0.045098
6 0.615850 0.233210 0.057514 0.033560
6 0.603818 0.037948 0.011707 0.074406
6 0.550124 0.115405 0.020938 0.110969
6 0.523305 0.164797 0.046096 0.028721
7 0.538529 0.026851 0.007655 0.052212
6 0.516354 0.035555 0.024540 0.069619
6 0.446390 0.983531 0.013943 0.032939
7 0.536168 0.919435 0.024713 0.021104
6 0.601271 0.978183 0.036295 0.022244
6 0.558336 0.911664 0.017705 0.061743
6 0.619934 0.805645 0.021689 0.078712
6 0.575894 0.724367 0.040426 0.051905
7 0.459336 0.755167 0.012099 0.023385
6 0.599353 0.634461 0.040721 0.037787
6 0.538123 0.618348 0.058721 0.025809
6 0.384680 0.720160 0.011508 0.124484
6 0.360041 0.605943 0.053705 0.076288
6 0.459742 0.511047 0.032976 0.043919
7 0.441926 0.489373 0.008557 0.032511
6 0.533844 0.451157 0.041902 0.063311
6 0.550332 0.447592 0.028844 0.060745
7 0.342004 0.543273 0.026483 0.020534
6 0.432631 0.301577 0.040721 0.049052
6 0.392943 0.279974 0.049279 0.043206
6 0.298221 0.392979 0.038656 0.085271
6 0.283910 0.391125 0.051344 0.067304
6 0.212463 0.374584 0.046549 0.028519
7 0.216890 0.423566 0.008189 0.043206
7 0.148025 0.368025 0.012689 0.030230
7 0.125303 0.281613 0.009738 0.053615
7 0.370627 0.113353 0.013500 0.034223
7 0.266426 0.087401 0.014607 0.034793
6 0.299512 0.062589 0.017041 0.069586
6 0.374500 0.098238 0.018295 0.066734
6 0.161894 0.073142 0.022131 0.075860
8 0.346873 0.996007 0.014533 0.007985
7 0.236623 0.882788 0.008263 0.049622
6 0.182328 0.945244 0.040721 0.082133
6 0.120066 0.961785 0.012983 0.076430
7 0.107377 0.897974 0.029508 0.029803
6 0.109148 0.778124 0.050754 0.062741
6 0.248500 0.680305 0.011803 0.116926
6 0.233008 0.675172 0.014459 0.147727
6 0.317808 0.642661 0.054221 0.054186
6 0.271664 0.578493 0.031574 0.034222
8 0.057846 0.502541 0.114921 0.208810
6 0.094911 0.466017 0.051643 0.045892
6 0.116641 0.411698 0.048424 0.070524
6 0.070699 0.445663 0.021462 0.049262
6 0.060102 0.457590 0.028169 0.073116
7 0.028580 0.446182 0.006975 0.035781
6 0.006300 0.384474 0.011830 0.117712
6 0.073248 0.316154 0.013682 0.088414
6 0.068586 0.299690 0.017773 0.104749
6 0.046957 0.244722 0.033534 0.023853
6 0.012605 0.231500 0.024439 0.088673
6 0.080357 0.263132 0.020926 0.068968
6 0.029372 0.333914 0.057973 0.070523
6 0.101416 0.184440 0.034608 0.019446
7 0.002476 0.147654 0.004182 0.014075
7 0.005442 0.062294 0.010113 0.014075