2 0.134880 0.077604 0.031271 0.029952
2 0.155498 0.089176 0.017526 0.053097
2 0.322680 0.219877 0.020619 0.069435
2 0.380928 0.109258 0.027835 0.045609
2 0.462371 0.267189 0.029210 0.061947
2 0.212371 0.372362 0.037113 0.042206
2 0.036082 0.327093 0.021306 0.060585
2 0.033333 0.635466 0.015120 0.060585
2 0.148110 0.568754 0.037113 0.037440
2 0.235223 0.614704 0.034708 0.031314
2 0.281959 0.651464 0.016151 0.059905
2 0.452234 0.670184 0.033677 0.031995
2 0.237629 0.810075 0.042268 0.036760
2 0.282818 0.898911 0.015808 0.059224
2 0.473196 0.906059 0.023368 0.066712
8 0.130069 0.948264 0.010653 0.020422
8 0.441065 0.061947 0.011340 0.020422
8 0.405326 0.324030 0.009278 0.017699
8 0.571993 0.125255 0.010653 0.020422
2 0.796048 0.096324 0.029210 0.037440
2 0.966667 0.074200 0.016495 0.076242
2 0.876804 0.086794 0.019588 0.031995
2 0.877491 0.249149 0.014089 0.040844
2 0.764261 0.380531 0.029553 0.066712
2 0.969416 0.295099 0.025430 0.029272
2 0.974914 0.334922 0.026117 0.034037
2 0.769759 0.584071 0.012371 0.031314
2 0.609622 0.715453 0.027491 0.032675
2 0.926632 0.681416 0.016838 0.069435
2 0.942955 0.658611 0.015808 0.063308
2 0.977148 0.623213 0.036770 0.040163
2 0.695876 0.885296 0.015808 0.041525
2 0.727491 0.906399 0.037113 0.030633
2 0.890550 0.891423 0.016151 0.078285
2 0.973196 0.919333 0.019931 0.072839
8 0.996392 0.744384 0.006529 0.026549