2 0.409966 0.038462 0.028179 0.056501
2 0.498797 0.039142 0.016838 0.060585
2 0.372337 0.078625 0.032646 0.029272
2 0.151031 0.348536 0.042268 0.035398
2 0.270275 0.333220 0.025086 0.052417
2 0.129553 0.494894 0.030241 0.047651
2 0.259450 0.482301 0.020619 0.061947
2 0.115292 0.539823 0.031271 0.042206
2 0.029897 0.618108 0.027491 0.061266
2 0.080412 0.672566 0.016495 0.069435
2 0.435395 0.648400 0.015808 0.072839
8 0.114089 0.853302 0.011684 0.025187
8 0.428866 0.764466 0.010309 0.020422
2 0.497423 0.962560 0.017526 0.073519
8 0.512887 0.697754 0.022337 0.080327
2 0.799656 0.011232 0.034364 0.022464
2 0.902766 0.019061 0.015842 0.038121
2 0.917354 0.036079 0.014089 0.061266
2 0.744845 0.317903 0.016151 0.062628
8 0.764948 0.195371 0.013058 0.029952
8 0.817526 0.217155 0.008935 0.017699
8 0.616151 0.418993 0.009622 0.018380
8 0.763402 0.726685 0.011340 0.026549
8 0.813230 0.793737 0.009966 0.017699
2 0.606357 0.939074 0.016151 0.068754
2 0.952749 0.707284 0.016151 0.049013
2 0.977148 0.784547 0.033333 0.031995
8 0.220962 0.211028 0.010997 0.020422