0 0.039691 0.092580 0.030584 0.044929
0 0.036942 0.217155 0.042955 0.031314
0 0.270619 0.099728 0.024399 0.063308
0 0.263746 0.163717 0.028522 0.056501
0 0.083849 0.328455 0.021306 0.030633
0 0.102062 0.355003 0.037113 0.038802
0 0.108763 0.405378 0.038144 0.044248
0 0.008076 0.271613 0.016151 0.024506
0 0.006357 0.030633 0.012715 0.061266
0 0.246048 0.454391 0.025430 0.068754
0 0.187629 0.536079 0.024742 0.068754
0 0.112887 0.492172 0.018900 0.028591
0 0.031615 0.508850 0.028866 0.053778
0 0.178007 0.615044 0.015808 0.074200
0 0.281271 0.640231 0.023024 0.076923
0 0.305842 0.596324 0.017182 0.078965
0 0.384364 0.579646 0.031959 0.061947
0 0.201718 0.729408 0.024742 0.052417
0 0.412715 0.848536 0.017182 0.081007
0 0.035567 0.976855 0.027835 0.044929
0 0.548282 0.966644 0.034021 0.036760
0 0.521306 0.231790 0.019244 0.075562
0 0.534536 0.277740 0.038144 0.028591
0 0.526976 0.423758 0.019588 0.071477
0 0.576976 0.414908 0.021306 0.076923
0 0.640722 0.422056 0.039519 0.032675
0 0.697766 0.330837 0.029897 0.055820
0 0.563402 0.074541 0.032646 0.027910
0 0.649656 0.054459 0.040893 0.035398
0 0.590722 0.810756 0.035052 0.031314
0 0.666838 0.984683 0.035395 0.029272
0 0.778866 0.724643 0.026460 0.059224
0 0.766323 0.773656 0.027491 0.045609
0 0.811684 0.763104 0.041924 0.028591
0 0.832818 0.747788 0.034708 0.038802
0 0.805155 0.303268 0.036426 0.049694
0 0.687629 0.289993 0.025430 0.044929
0 0.751718 0.216474 0.035395 0.055820
0 0.777320 0.147379 0.040550 0.030633
0 0.834708 0.347515 0.030928 0.052417
0 0.844158 0.464261 0.020275 0.066712
0 0.914948 0.169843 0.034708 0.034717
0 0.977835 0.076923 0.022337 0.068074
0 0.815120 0.851600 0.017869 0.050374
0 0.953608 0.925800 0.021306 0.058543
0 0.031028 0.553676 0.037757 0.040461
0 0.026308 0.591129 0.023458 0.056317
0 0.046042 0.648812 0.015458 0.076547
0 0.028102 0.677791 0.027047 0.020777
0 0.029342 0.717978 0.016838 0.060691
0 0.026168 0.763359 0.020979 0.071626
0 0.657871 0.469425 0.013502 0.070184
0 0.989979 0.198359 0.019355 0.022003
0 0.972713 0.373961 0.026384 0.051221
0 0.950914 0.390340 0.019625 0.071511
0 0.992016 0.435080 0.015281 0.029705
0 0.887980 0.795673 0.014470 0.069033
0 0.899495 0.744048 0.015081 0.073973
0 0.808019 0.890959 0.036752 0.035148
0 0.818278 0.915975 0.016101 0.023818
0 0.800343 0.911938 0.026291 0.031085