1 0.645704 0.554118 0.019931 0.054459
1 0.239003 0.114023 0.017526 0.027910
1 0.284021 0.782845 0.012027 0.047651
1 0.486426 0.585092 0.014089 0.034717
1 0.442440 0.944180 0.021649 0.035398
1 0.460481 0.930905 0.023368 0.026549
1 0.817354 0.099387 0.014089 0.047651
1 0.798797 0.100068 0.011340 0.024506
1 0.862887 0.078285 0.011684 0.027229
1 0.813058 0.238598 0.014433 0.041525
1 0.893299 0.357726 0.014089 0.036079
1 0.909966 0.413887 0.019244 0.023145
1 0.795017 0.429204 0.011340 0.023826
8 0.986426 0.065351 0.026460 0.019061
8 0.581100 0.398570 0.140893 0.109598
8 0.016495 0.239619 0.032990 0.181076
1 0.306715 0.109376 0.010697 0.050770
1 0.303818 0.153966 0.011589 0.041941