8 0.149313 0.155548 0.033333 0.041525
0 0.011512 0.045609 0.023024 0.025868
6 0.428694 0.104833 0.034708 0.021784
6 0.460997 0.111300 0.021649 0.015657
6 0.395189 0.128659 0.037113 0.021784
1 0.374399 0.189925 0.023024 0.028591
6 0.320142 0.382924 0.024322 0.062106
6 0.010203 0.557862 0.012583 0.044248
6 0.056464 0.659473 0.037588 0.016656
6 0.227491 0.519302 0.009622 0.067876
6 0.172680 0.570726 0.034021 0.027769
6 0.223540 0.617086 0.029897 0.051055
1 0.294158 0.552750 0.030241 0.027216
6 0.190893 0.736555 0.034708 0.029952
8 0.117182 0.759700 0.050859 0.088496
6 0.098625 0.928523 0.025430 0.051736
8 0.336942 0.689585 0.028522 0.117086
6 0.358935 0.799183 0.020962 0.078965
6 0.345370 0.816545 0.029535 0.056494
6 0.316667 0.926140 0.027835 0.049694
6 0.340893 0.956093 0.034364 0.025187
0 0.420103 0.980599 0.014089 0.037440
6 0.822852 0.182616 0.023024 0.076236
8 0.921993 0.049353 0.062543 0.081007
8 0.720447 0.115044 0.029210 0.046290
0 0.695704 0.151464 0.039519 0.029272
6 0.671213 0.145152 0.035523 0.058204
8 0.665071 0.158511 0.035042 0.063929
8 0.679702 0.104600 0.044555 0.057250
6 0.562887 0.131848 0.041924 0.034466
1 0.525258 0.186521 0.039519 0.098026
0 0.699141 0.261743 0.020275 0.067393
6 0.686082 0.304969 0.025773 0.069435
6 0.662234 0.366457 0.040705 0.015892
3 0.910653 0.267529 0.025430 0.031314
6 0.971306 0.378489 0.016838 0.058543
1 0.962543 0.502042 0.027491 0.059224
1 0.571306 0.531314 0.017526 0.079646
6 0.670645 0.659360 0.025720 0.071761
0 0.731539 0.581348 0.034212 0.029952
6 0.621649 0.583727 0.023368 0.030640
6 0.597938 0.572158 0.013058 0.036079
6 0.577148 0.768210 0.029210 0.021103
6 0.589404 0.913221 0.028981 0.014408
6 0.602730 0.920120 0.019205 0.053566
1 0.630069 0.961835 0.030584 0.044841
6 0.634192 0.906399 0.020275 0.061947
6 0.665295 0.901974 0.025436 0.049013
6 0.698110 0.814408 0.053265 0.051239
1 0.769759 0.862255 0.042612 0.023631
6 0.794218 0.895476 0.019364 0.032057
6 0.902921 0.845667 0.029897 0.022758
8 0.935395 0.642614 0.037113 0.058543
3 0.750443 0.559008 0.036541 0.041118