2 0.257560 0.636147 0.023711 0.051055
2 0.219759 0.587134 0.027835 0.030633
2 0.146220 0.389040 0.018900 0.040163
2 0.309966 0.312798 0.014433 0.072839
2 0.134021 0.563649 0.014433 0.050374
2 0.183333 0.705922 0.034708 0.043567
8 0.172680 0.650102 0.021649 0.023145
2 0.344674 0.857726 0.026804 0.054459
8 0.112199 0.378148 0.009966 0.018380
2 0.554983 0.252893 0.030928 0.044248
2 0.632474 0.096664 0.017526 0.074881
2 0.639175 0.296801 0.021993 0.050374
2 0.693127 0.468686 0.031615 0.034717
2 0.751890 0.367937 0.032990 0.033356
2 0.814948 0.072158 0.034708 0.034037
2 0.806014 0.461538 0.014777 0.065351
2 0.923368 0.444860 0.030928 0.055140
2 0.951718 0.247788 0.014777 0.073519
2 0.532131 0.664057 0.017526 0.055140
2 0.616151 0.672566 0.020619 0.069435
2 0.683333 0.767869 0.020962 0.058543
2 0.940722 0.622873 0.014777 0.083050
2 0.973024 0.960858 0.028522 0.044248
8 0.817182 0.767869 0.010997 0.021784
2 0.622852 0.979238 0.037457 0.040163