4 0.073667 0.142668 0.023333 0.050198
4 0.101000 0.159841 0.031333 0.047556
4 0.084333 0.198151 0.016667 0.050198
4 0.129212 0.223829 0.019829 0.066345
4 0.270865 0.161162 0.029729 0.036988
4 0.299540 0.161696 0.028921 0.043847
4 0.305220 0.108322 0.016227 0.042272
4 0.383946 0.241026 0.026559 0.046120
4 0.208000 0.360634 0.016000 0.029062
4 0.338000 0.457067 0.017333 0.031704
4 0.275333 0.493395 0.032000 0.038309
4 0.101000 0.689564 0.036667 0.052840
4 0.081667 0.717966 0.018000 0.059445
4 0.233094 0.642668 0.016855 0.067371
4 0.255581 0.613774 0.026171 0.043929
4 0.253143 0.660997 0.031047 0.053830
4 0.285526 0.635920 0.024948 0.048590
4 0.260700 0.714808 0.022105 0.053129
4 0.280333 0.706544 0.023333 0.070947
4 0.292333 0.758587 0.024667 0.040291
4 0.292667 0.793263 0.010667 0.025099
4 0.858058 0.134742 0.030783 0.063408
4 0.829186 0.204087 0.030962 0.043577
4 0.766226 0.212021 0.023118 0.064729
4 0.736183 0.244336 0.024558 0.063308
4 0.701545 0.185167 0.028589 0.048009
4 0.759860 0.344122 0.019721 0.064729
4 0.711442 0.479795 0.019060 0.058666
4 0.789908 0.503303 0.016183 0.044914
4 0.603000 0.752312 0.030000 0.043593
8 0.978667 0.725892 0.034667 0.080581