8 0.324570 0.009530 0.010653 0.019061
2 0.153436 0.298843 0.017526 0.083050
2 0.025430 0.293737 0.015120 0.075562
2 0.026289 0.450306 0.014777 0.071477
2 0.030069 0.593261 0.017526 0.066031
2 0.047251 0.690606 0.020275 0.025187
8 0.104124 0.633084 0.013746 0.020422
2 0.278522 0.561266 0.022337 0.031995
8 0.298625 0.554799 0.010997 0.020422
8 0.265120 0.528931 0.017526 0.069435
2 0.189175 0.842410 0.023024 0.053778
2 0.046564 0.968005 0.016838 0.062628
2 0.006186 0.889721 0.012371 0.065351
8 0.073540 0.967325 0.013746 0.024506
2 0.296564 0.896528 0.028866 0.025868
2 0.339175 0.859088 0.015808 0.070796
8 0.480584 0.832880 0.014089 0.023826
2 0.467182 0.912866 0.027148 0.068074
2 0.551203 0.180395 0.019244 0.076242
2 0.626976 0.224983 0.035395 0.036079
2 0.635739 0.345133 0.027491 0.043567
2 0.730069 0.203880 0.029210 0.030633
8 0.746392 0.222600 0.021306 0.032675
2 0.982646 0.596324 0.034021 0.057182
2 0.816323 0.636147 0.016151 0.057862
2 0.577663 0.661334 0.015808 0.070116
2 0.523218 0.807352 0.025041 0.069435
2 0.528179 0.879510 0.017182 0.065351
2 0.771306 0.748809 0.019588 0.069435
2 0.808247 0.717559 0.026804 0.042078
2 0.822509 0.673587 0.026460 0.040163
2 0.834895 0.689688 0.033303 0.034242
2 0.827148 0.723962 0.019244 0.025187
2 0.962887 0.832539 0.036426 0.044929
8 0.542096 0.303608 0.009966 0.020422