6 0.168765 0.046743 0.044471 0.040111
6 0.130126 0.069154 0.041069 0.066227
7 0.099871 0.102972 0.017011 0.042742
8 0.116914 0.032685 0.030070 0.064681
8 0.113624 0.290283 0.046167 0.048402
7 0.041548 0.280568 0.022612 0.013203
6 0.202090 0.278979 0.034587 0.067387
6 0.212906 0.260764 0.044989 0.089230
7 0.078272 0.444898 0.015030 0.037142
7 0.126596 0.433439 0.009777 0.011427
7 0.006764 0.440565 0.013528 0.013365
6 0.007290 0.575706 0.014580 0.053391
6 0.064721 0.643717 0.038001 0.102012
8 0.041413 0.660836 0.015428 0.033795
6 0.061641 0.658351 0.020228 0.067923
6 0.024486 0.706108 0.048595 0.030243
6 0.254274 0.344073 0.015507 0.095993
6 0.259156 0.330436 0.008040 0.103928
6 0.268154 0.344202 0.008041 0.087797
6 0.277439 0.347418 0.007084 0.052048
6 0.325109 0.206324 0.007849 0.076211
6 0.024125 0.831520 0.048250 0.058931
6 0.075216 0.784855 0.051237 0.060461
6 0.073194 0.834370 0.034248 0.097988
6 0.117150 0.975880 0.052586 0.029709
6 0.249115 0.587236 0.054420 0.051560
7 0.227060 0.687848 0.036680 0.038459
6 0.260503 0.681361 0.033563 0.087575
7 0.276388 0.683806 0.020971 0.047981
6 0.292164 0.664912 0.038805 0.086184
6 0.274407 0.730940 0.048906 0.056066
6 0.276206 0.736037 0.050584 0.054212
6 0.355513 0.636625 0.031495 0.034244
6 0.254150 0.841933 0.053461 0.089671
7 0.276925 0.969467 0.029487 0.029655
6 0.343322 0.835819 0.010807 0.115315
6 0.371979 0.773698 0.043152 0.072747
6 0.391671 0.754701 0.021509 0.114449
7 0.396911 0.802236 0.012468 0.064026
6 0.374970 0.818745 0.031897 0.067911
6 0.385524 0.833935 0.055379 0.082941
7 0.403036 0.851310 0.024191 0.024095
7 0.418368 0.801051 0.011268 0.034782
7 0.421245 0.842507 0.012226 0.050969
7 0.442461 0.829765 0.029247 0.014364
7 0.440663 0.844360 0.023734 0.014828
6 0.423402 0.891391 0.038118 0.040312
6 0.476311 0.910094 0.027236 0.034414
6 0.451195 0.973009 0.021850 0.052493
6 0.513674 0.846250 0.035481 0.090818
6 0.525781 0.858381 0.037159 0.096546
6 0.589670 0.881234 0.022056 0.031971
6 0.564618 0.765652 0.007911 0.065744
6 0.623583 0.825863 0.050603 0.045409
6 0.621522 0.799886 0.031709 0.015697
6 0.634146 0.758212 0.034271 0.061163
6 0.663541 0.745966 0.055074 0.034817
6 0.649963 0.770723 0.043872 0.046335
7 0.647560 0.906645 0.010450 0.048968
7 0.603519 0.963017 0.012706 0.011584
6 0.660323 0.948309 0.075544 0.045184
6 0.726970 0.827948 0.045815 0.088038
6 0.780563 0.818913 0.022535 0.037532
6 0.831486 0.798939 0.055420 0.042066
6 0.753356 0.935447 0.050578 0.072283
7 0.810958 0.670208 0.013798 0.015037
7 0.723240 0.659308 0.014718 0.043512
7 0.664323 0.625246 0.012486 0.036920
6 0.637592 0.687579 0.017283 0.073995
6 0.653006 0.618267 0.037394 0.060761
6 0.666472 0.587008 0.061853 0.039557
6 0.628385 0.620050 0.045703 0.087182
6 0.589838 0.549868 0.034110 0.086585
6 0.572329 0.513622 0.030926 0.085293
6 0.712066 0.504312 0.062535 0.034414
6 0.733214 0.483721 0.056623 0.025492
6 0.726165 0.475370 0.051620 0.037799
6 0.529894 0.329029 0.009103 0.067475
6 0.664872 0.219029 0.045699 0.024139
6 0.719163 0.118358 0.029085 0.071869
8 0.776596 0.256884 0.015269 0.031820
7 0.853545 0.224241 0.012377 0.023591
8 0.888093 0.115180 0.078201 0.020593
6 0.968616 0.090314 0.049032 0.049346
6 0.982143 0.135019 0.034943 0.040753
7 0.993544 0.860997 0.012141 0.016524