8 0.481959 0.092240 0.071134 0.138189
8 0.702405 0.060245 0.015808 0.108237
8 0.687801 0.145337 0.061512 0.173587
8 0.704983 0.034037 0.007904 0.050374
8 0.428179 0.417971 0.028866 0.063989
1 0.120962 0.081007 0.034364 0.054459
0 0.317698 0.060245 0.016838 0.064670
0 0.220275 0.149081 0.015120 0.065351
0 0.056357 0.278761 0.026117 0.061947
6 0.046963 0.123825 0.019013 0.023282
6 0.139782 0.133206 0.014595 0.093523
6 0.130293 0.237790 0.008355 0.075877
6 0.136263 0.295746 0.031972 0.040230
6 0.090206 0.434309 0.042955 0.025868
6 0.212070 0.223106 0.028048 0.020072
6 0.362715 0.401473 0.012715 0.062517
6 0.403924 0.388916 0.039755 0.024074
6 0.386956 0.606005 0.015091 0.090917
3 0.364433 0.644997 0.023024 0.059224
0 0.332474 0.688564 0.027148 0.048332
3 0.335911 0.772634 0.028522 0.042206
6 0.394169 0.882284 0.040528 0.050477
0 0.322592 0.871587 0.027314 0.050867
0 0.248110 0.866206 0.036426 0.036138
6 0.182199 0.800204 0.048246 0.023826
3 0.171682 0.739278 0.020765 0.055820
6 0.178607 0.697773 0.032988 0.024528
3 0.167354 0.645677 0.026117 0.070116
1 0.061856 0.955752 0.032302 0.087134
6 0.060825 0.906059 0.032990 0.046290
0 0.072509 0.822668 0.026804 0.053778
8 0.113230 0.764125 0.019588 0.041525
2 0.063890 0.692539 0.014378 0.069764
3 0.069502 0.655208 0.025602 0.051055
1 0.062199 0.518380 0.035052 0.045609
6 0.299313 0.514295 0.010997 0.055140
6 0.582131 0.113342 0.008247 0.067393
6 0.611856 0.106195 0.012027 0.076242
1 0.700895 0.233451 0.017454 0.042289
3 0.605155 0.330837 0.028866 0.049013
0 0.667869 0.344112 0.035395 0.046971
0 0.680756 0.420014 0.029553 0.032675
6 0.664474 0.444537 0.036688 0.025833
6 0.689483 0.487194 0.015357 0.069494
3 0.713230 0.501702 0.025086 0.053097
6 0.905053 0.062453 0.036521 0.030302
2 0.952921 0.081007 0.017182 0.068074
0 0.923540 0.204221 0.016151 0.070796
0 0.919759 0.338325 0.016838 0.065351
2 0.946087 0.385977 0.024821 0.070796
6 0.796392 0.403829 0.027835 0.016031
1 0.885567 0.673928 0.038488 0.103472
1 0.814433 0.558884 0.015808 0.046290
8 0.748454 0.649762 0.028866 0.041525
1 0.576976 0.624575 0.041237 0.059224
1 0.655842 0.696732 0.020275 0.063308
6 0.625086 0.632403 0.010997 0.066712
6 0.567354 0.707284 0.010309 0.076242
6 0.738144 0.743703 0.031615 0.044248
6 0.755564 0.727931 0.030365 0.020730
6 0.710481 0.687279 0.009966 0.045455
6 0.858591 0.646698 0.012027 0.054459
1 0.600687 0.876447 0.040550 0.051055
1 0.585739 0.918652 0.015464 0.075562
1 0.692440 0.923077 0.063230 0.062628
6 0.915808 0.783526 0.017869 0.040844
6 0.266495 0.358407 0.020275 0.023826
8 0.148797 0.503744 0.078351 0.288632
8 0.270962 0.659973 0.018213 0.034717
8 0.228351 0.628999 0.015464 0.032675
8 0.376804 0.272294 0.025773 0.029952
8 0.016838 0.384275 0.017182 0.030633
3 0.802234 0.946903 0.024399 0.046290
8 0.889003 0.607216 0.027491 0.046290
8 0.849485 0.461538 0.026804 0.053097