4 0.126333 0.161823 0.031333 0.040951
4 0.252001 0.198811 0.020003 0.070013
4 0.296000 0.186262 0.030667 0.036988
4 0.301758 0.225402 0.020849 0.054502
4 0.274333 0.382431 0.022000 0.033025
4 0.180000 0.449652 0.018667 0.059145
4 0.334000 0.430611 0.026667 0.036915
4 0.287667 0.601057 0.020667 0.066050
4 0.268789 0.597794 0.021799 0.059524
4 0.233000 0.688243 0.018000 0.058124
4 0.292000 0.665190 0.034667 0.043723
8 0.322000 0.376326 0.018667 0.031384
4 0.647669 0.202805 0.033183 0.042643
4 0.620084 0.231870 0.025166 0.033415
4 0.676394 0.194626 0.020154 0.059001
4 0.699222 0.214721 0.028792 0.059561
4 0.640684 0.249404 0.030701 0.039098
4 0.621333 0.283355 0.029333 0.035667
4 0.595667 0.259577 0.019333 0.038309
4 0.655624 0.327633 0.029614 0.045641
4 0.638349 0.363425 0.023033 0.063707
4 0.725957 0.344583 0.021388 0.045312
4 0.725333 0.443441 0.029333 0.052007
4 0.633642 0.424568 0.019284 0.053892
4 0.603000 0.512550 0.027333 0.042272
4 0.656209 0.579260 0.020915 0.056803
4 0.685527 0.616161 0.023613 0.061911
4 0.703000 0.575297 0.032667 0.035667
4 0.772667 0.561201 0.029333 0.036538
4 0.811667 0.598415 0.027333 0.036988
4 0.661587 0.684736 0.018509 0.061679
8 0.982333 0.840159 0.034000 0.097754