8 0.518041 0.907760 0.071134 0.138189
8 0.297595 0.939755 0.015808 0.108237
8 0.312199 0.854663 0.061512 0.173587
8 0.295017 0.965963 0.007904 0.050374
8 0.571821 0.582029 0.028866 0.063989
1 0.879038 0.918993 0.034364 0.054459
0 0.682302 0.939755 0.016838 0.064670
0 0.779725 0.850919 0.015120 0.065351
0 0.943643 0.721239 0.026117 0.061947
6 0.953037 0.876175 0.019013 0.023282
6 0.860218 0.866794 0.014595 0.093523
6 0.869707 0.762210 0.008355 0.075877
6 0.863737 0.704254 0.031972 0.040230
6 0.909794 0.565691 0.042955 0.025868
6 0.787930 0.776894 0.028048 0.020072
6 0.637285 0.598527 0.012715 0.062517
6 0.596076 0.611084 0.039755 0.024074
6 0.613044 0.393995 0.015091 0.090917
3 0.635567 0.355003 0.023024 0.059224
0 0.667526 0.311436 0.027148 0.048332
3 0.664089 0.227366 0.028522 0.042206
6 0.605831 0.117716 0.040528 0.050477
0 0.677408 0.128413 0.027314 0.050867
0 0.751890 0.133794 0.036426 0.036138
6 0.817801 0.199796 0.048246 0.023826
3 0.828318 0.260722 0.020765 0.055820
6 0.821393 0.302227 0.032988 0.024528
3 0.832646 0.354323 0.026117 0.070116
1 0.938144 0.044248 0.032302 0.087134
6 0.939175 0.093941 0.032990 0.046290
0 0.927491 0.177332 0.026804 0.053778
8 0.886770 0.235875 0.019588 0.041525
2 0.936110 0.307461 0.014378 0.069764
3 0.930498 0.344792 0.025602 0.051055
1 0.937801 0.481620 0.035052 0.045609
6 0.700687 0.485705 0.010997 0.055140
6 0.417869 0.886658 0.008247 0.067393
6 0.388144 0.893805 0.012027 0.076242
1 0.299105 0.766549 0.017454 0.042289
3 0.394845 0.669163 0.028866 0.049013
0 0.332131 0.655888 0.035395 0.046971
0 0.319244 0.579986 0.029553 0.032675
6 0.335526 0.555463 0.036688 0.025833
6 0.310517 0.512806 0.015357 0.069494
3 0.286770 0.498298 0.025086 0.053097
6 0.094947 0.937547 0.036521 0.030302
2 0.047079 0.918993 0.017182 0.068074
0 0.076460 0.795779 0.016151 0.070796
0 0.080241 0.661675 0.016838 0.065351
2 0.053913 0.614023 0.024821 0.070796
6 0.203608 0.596171 0.027835 0.016031
1 0.114433 0.326072 0.038488 0.103472
1 0.185567 0.441116 0.015808 0.046290
8 0.251546 0.350238 0.028866 0.041525
1 0.423024 0.375425 0.041237 0.059224
1 0.344158 0.303268 0.020275 0.063308
6 0.374914 0.367597 0.010997 0.066712
6 0.432646 0.292716 0.010309 0.076242
6 0.261856 0.256297 0.031615 0.044248
6 0.244436 0.272069 0.030365 0.020730
6 0.289519 0.312721 0.009966 0.045455
6 0.141409 0.353302 0.012027 0.054459
1 0.399313 0.123553 0.040550 0.051055
1 0.414261 0.081348 0.015464 0.075562
1 0.307560 0.076923 0.063230 0.062628
6 0.084192 0.216474 0.017869 0.040844
6 0.733505 0.641593 0.020275 0.023826
8 0.851203 0.496256 0.078351 0.288632
8 0.729038 0.340027 0.018213 0.034717
8 0.771649 0.371001 0.015464 0.032675
8 0.623196 0.727706 0.025773 0.029952
8 0.983162 0.615725 0.017182 0.030633
3 0.197766 0.053097 0.024399 0.046290
8 0.110997 0.392784 0.027491 0.046290
8 0.150515 0.538462 0.026804 0.053097