3 0.144531 0.103279 0.020313 0.042623
3 0.163021 0.240437 0.025000 0.030601
3 0.200260 0.136612 0.027604 0.043716
3 0.233594 0.207650 0.030729 0.048087
3 0.253385 0.018033 0.016146 0.036066
3 0.288281 0.226230 0.028646 0.043716
3 0.357812 0.238798 0.037500 0.033880
3 0.423177 0.096721 0.028646 0.064481
3 0.628906 0.016393 0.027604 0.032787
3 0.687760 0.012022 0.030729 0.024044
3 0.660417 0.133880 0.026042 0.062295
3 0.684375 0.294536 0.020833 0.073224
3 0.706771 0.310929 0.019792 0.068852
3 0.923958 0.221858 0.031250 0.041530
3 0.905990 0.411475 0.028646 0.055738
3 0.949479 0.437158 0.029167 0.045902
3 0.895052 0.509836 0.029687 0.040437
3 0.891146 0.562295 0.011458 0.057923
3 0.825521 0.426230 0.020833 0.072131
3 0.750521 0.515301 0.013542 0.071038
3 0.540104 0.473224 0.025000 0.063388
3 0.442448 0.363388 0.026562 0.031694
3 0.426823 0.406557 0.016146 0.052459
3 0.321354 0.315847 0.032292 0.052459
3 0.270313 0.449727 0.033333 0.038251
3 0.193750 0.526230 0.035417 0.049180
3 0.145573 0.550820 0.034896 0.043716
3 0.040625 0.558470 0.031250 0.041530
3 0.082812 0.636066 0.016667 0.074317
3 0.039323 0.709836 0.024479 0.042623
3 0.046615 0.768852 0.027604 0.027322
3 0.041146 0.810929 0.022917 0.048087
3 0.138542 0.963388 0.022917 0.051366
3 0.244010 0.907650 0.015104 0.062295
3 0.284635 0.914208 0.022396 0.057923
3 0.346354 0.747541 0.023958 0.043716
3 0.349740 0.863934 0.028646 0.036066
3 0.434635 0.848087 0.025521 0.030601
3 0.509896 0.728415 0.032292 0.033880
3 0.571354 0.686339 0.022917 0.052459
3 0.540885 0.660109 0.013021 0.059016
3 0.550000 0.824044 0.026042 0.072131
3 0.555469 0.960109 0.023438 0.053552
3 0.481510 0.962295 0.030729 0.036066
3 0.498698 0.992350 0.020312 0.013115
3 0.683073 0.828962 0.028646 0.022951
3 0.789583 0.853552 0.027083 0.054645
3 0.905208 0.954098 0.029167 0.054645
3 0.884635 0.971585 0.018229 0.028415
3 0.967448 0.914754 0.019271 0.078689
3 0.994271 0.944809 0.010417 0.071038
8 0.560640 0.643248 0.018602 0.084309
3 0.005208 0.054098 0.010417 0.064481
3 0.108073 0.135519 0.019271 0.076503
3 0.132292 0.122951 0.016667 0.057923
8 0.870313 0.366667 0.012500 0.073224