6 0.055155 0.218176 0.036082 0.027910
6 0.042268 0.378148 0.020619 0.055140
6 0.368729 0.148741 0.011684 0.072839
6 0.443986 0.159632 0.013746 0.067393
3 0.331100 0.137168 0.033333 0.038802
3 0.286254 0.295779 0.032990 0.034717
2 0.281787 0.367597 0.023368 0.072158
0 0.274055 0.417631 0.021649 0.051055
6 0.367869 0.359428 0.033333 0.024506
0 0.477320 0.328114 0.018557 0.076242
1 0.429553 0.498979 0.031615 0.068074
6 0.316667 0.367937 0.022337 0.019741
6 0.352262 0.505112 0.016552 0.070233
6 0.372337 0.513615 0.023024 0.046971
6 0.174742 0.558203 0.013402 0.058543
6 0.117869 0.749830 0.020619 0.078285
6 0.225430 0.671886 0.025430 0.042206
3 0.214605 0.744384 0.024399 0.051055
8 0.453436 0.796120 0.051203 0.044248
2 0.292784 0.854663 0.022680 0.059224
6 0.177835 0.831858 0.040893 0.025868
6 0.125945 0.922737 0.022337 0.059224
8 0.043643 0.912526 0.034364 0.119129
8 0.244158 0.826753 0.030584 0.036079
6 0.343169 0.713533 0.013698 0.101873
1 0.950172 0.092920 0.037801 0.036079
3 0.762086 0.231538 0.038715 0.050198
8 0.612371 0.142614 0.024055 0.048332
8 0.574055 0.232131 0.023024 0.039483
6 0.537629 0.263104 0.021649 0.053778
6 0.553093 0.340027 0.028522 0.015657
6 0.543299 0.406739 0.012371 0.061947
6 0.537801 0.489108 0.013746 0.082369
6 0.706873 0.364534 0.031615 0.040163
6 0.696735 0.392103 0.035395 0.035398
6 0.736082 0.406399 0.019244 0.017699
3 0.828694 0.508850 0.020962 0.061947
0 0.725945 0.470728 0.032646 0.052417
2 0.696264 0.506467 0.017930 0.074881
6 0.798969 0.584071 0.019931 0.068074
1 0.974399 0.623213 0.036082 0.034717
1 0.568213 0.720218 0.022337 0.108918
3 0.532990 0.657250 0.021993 0.063308
1 0.657732 0.676099 0.023368 0.096406
6 0.718557 0.696052 0.025430 0.076923
0 0.731271 0.782165 0.037801 0.034037
6 0.884364 0.914908 0.031271 0.032675
6 0.758419 0.826072 0.024055 0.019741
8 0.660997 0.831178 0.027148 0.042206
8 0.717010 0.935330 0.022337 0.035398
6 0.867511 0.563181 0.027462 0.018831
6 0.854485 0.413494 0.008450 0.055620
6 0.863815 0.402771 0.011618 0.078810
6 0.525544 0.168761 0.016784 0.050412
6 0.941581 0.887338 0.021993 0.017018