2 0.788144 0.884956 0.015464 0.061266
2 0.821821 0.875766 0.022337 0.066031
2 0.800687 0.838666 0.027491 0.024506
2 0.632302 0.688904 0.020619 0.076242
8 0.887629 0.562287 0.010997 0.024506
8 0.954983 0.420694 0.011684 0.023145
8 0.995876 0.489108 0.008247 0.018380
2 0.673883 0.396188 0.028179 0.025868
2 0.529038 0.522805 0.023024 0.072158
2 0.526976 0.663717 0.025773 0.038121
2 0.534536 0.804969 0.018213 0.072839
8 0.464948 0.633424 0.011684 0.027910
2 0.383162 0.458816 0.038488 0.031314
2 0.380928 0.728387 0.017526 0.069435
2 0.336770 0.855684 0.032990 0.057182
2 0.267182 0.706603 0.017526 0.081688
2 0.187285 0.939415 0.026804 0.054459
2 0.126976 0.824030 0.025773 0.064670
2 0.035739 0.878489 0.015120 0.033356
2 0.471649 0.179033 0.029897 0.069435
2 0.049656 0.074881 0.022337 0.057182