6 0.129038 0.065010 0.024399 0.037440
6 0.080116 0.154490 0.015026 0.065423
6 0.031271 0.190606 0.015120 0.072158
6 0.170962 0.200817 0.034021 0.025868
3 0.016667 0.208645 0.016838 0.041525
1 0.221857 0.142274 0.031344 0.092580
8 0.113227 0.316542 0.014082 0.099387
6 0.285223 0.143635 0.043986 0.036760
6 0.370275 0.089857 0.009966 0.074881
0 0.418385 0.042886 0.014777 0.053097
1 0.341753 0.314840 0.024399 0.125936
1 0.463402 0.142954 0.032646 0.047651
0 0.102062 0.502723 0.020619 0.071477
6 0.039519 0.498639 0.013058 0.048332
0 0.423711 0.366344 0.026117 0.028412
0 0.395876 0.524847 0.030928 0.062628
3 0.346048 0.626276 0.030241 0.042206
6 0.346048 0.680510 0.025430 0.016464
6 0.142536 0.665078 0.012907 0.068074
6 0.069514 0.683909 0.036229 0.014074
6 0.157560 0.774355 0.027148 0.014929
6 0.191323 0.826072 0.018728 0.078285
6 0.236426 0.816201 0.031615 0.059905
3 0.248797 0.773315 0.034364 0.040844
0 0.058076 0.930565 0.017869 0.069435
0 0.267698 0.932267 0.034364 0.052417
2 0.322337 0.909803 0.028866 0.034717
6 0.378806 0.893465 0.012148 0.046971
6 0.397423 0.780783 0.018213 0.024466
2 0.692268 0.025187 0.021649 0.050374
2 0.546220 0.042546 0.025086 0.066031
2 0.561684 0.166780 0.033333 0.053097
1 0.683333 0.196331 0.028522 0.105636
0 0.631100 0.119809 0.014777 0.074881
0 0.955155 0.041184 0.018213 0.067393
0 0.986082 0.086338 0.013402 0.078735
6 0.921993 0.086453 0.014433 0.073519
6 0.876117 0.086113 0.021649 0.063308
6 0.843299 0.129680 0.010309 0.051055
6 0.792784 0.063649 0.032990 0.027910
6 0.754983 0.037440 0.025430 0.027229
2 0.869759 0.289379 0.019244 0.079098
6 0.543471 0.171545 0.016151 0.042206
6 0.580412 0.087474 0.021993 0.053778
8 0.609966 0.087815 0.013746 0.077604
6 0.815120 0.405037 0.030928 0.042206
6 0.964261 0.431246 0.024055 0.060585
6 0.764948 0.493533 0.013058 0.046290
6 0.661512 0.517018 0.016495 0.074200
6 0.698969 0.340708 0.014433 0.056501
8 0.705155 0.410143 0.040550 0.090538
6 0.638316 0.502383 0.025086 0.031314
6 0.637629 0.626957 0.025773 0.066712
6 0.586068 0.579486 0.027176 0.037120
6 0.569588 0.605174 0.012715 0.050374
3 0.560653 0.735534 0.024399 0.057862
0 0.714996 0.743022 0.013308 0.090538
6 0.773196 0.801906 0.036426 0.036760
6 0.834880 0.692648 0.025773 0.041525
6 0.822623 0.556275 0.021306 0.031314
3 0.912887 0.555140 0.025773 0.060585
3 0.965979 0.613683 0.030241 0.057862
6 0.967182 0.808033 0.038832 0.106195
6 0.914433 0.723281 0.024742 0.049694
6 0.898625 0.660654 0.028179 0.060585
6 0.859622 0.624915 0.028522 0.032675
8 0.778694 0.968686 0.020619 0.061266
8 0.756357 0.984683 0.019931 0.029272
8 0.571993 0.922737 0.031271 0.048332
8 0.604983 0.482982 0.018900 0.041525
3 0.776460 0.204561 0.017526 0.034717
2 0.763402 0.581007 0.029897 0.040163