0 0.840845 0.880207 0.016357 0.080292
0 0.854480 0.837543 0.038293 0.044861
0 0.878000 0.889696 0.025333 0.038309
0 0.869667 0.948481 0.032667 0.029062
0 0.812000 0.972259 0.032000 0.031704
0 0.849667 0.750330 0.039333 0.029062
0 0.798333 0.686262 0.040667 0.030383
0 0.972000 0.840159 0.024000 0.029062
0 0.995000 0.949141 0.010000 0.025099
0 0.690551 0.828284 0.043769 0.031733
0 0.724333 0.657199 0.038000 0.030383
0 0.594667 0.861705 0.024000 0.067871
0 0.552000 0.800418 0.016000 0.084765
0 0.618333 0.581256 0.040667 0.047528
0 0.550000 0.562087 0.021333 0.046235
0 0.526333 0.603260 0.014000 0.077497
0 0.505488 0.733818 0.037643 0.033025
0 0.487333 0.589828 0.045333 0.030383
0 0.714000 0.473580 0.045333 0.067371
0 0.757333 0.510568 0.025333 0.040951
0 0.811667 0.524439 0.038000 0.031704
0 0.921667 0.522457 0.034000 0.025099
0 0.938815 0.374207 0.036000 0.054756
0 0.829333 0.392338 0.016000 0.076618
0 0.916333 0.292602 0.040667 0.030383
0 0.848333 0.285997 0.034000 0.030383
0 0.725000 0.258917 0.042000 0.029062
0 0.692333 0.249009 0.038000 0.030383
0 0.825944 0.155218 0.029445 0.072655
0 0.768333 0.068692 0.034000 0.047556
0 0.887667 0.025760 0.016667 0.048877
0 0.659687 0.132366 0.026076 0.058528
0 0.582442 0.443982 0.027117 0.080020
0 0.555000 0.426684 0.027333 0.031704
0 0.571333 0.389696 0.033333 0.031704
0 0.533667 0.205416 0.015333 0.040951
0 0.428000 0.070674 0.044000 0.030383
0 0.426000 0.426684 0.036000 0.036988
0 0.516000 0.944518 0.041333 0.031704
0 0.484617 0.913474 0.015302 0.075297
0 0.451667 0.892999 0.040667 0.029062
0 0.332000 0.873844 0.018667 0.077939
0 0.444414 0.808454 0.015173 0.089828
0 0.347333 0.675694 0.036000 0.043593
0 0.450000 0.640026 0.036000 0.030383
0 0.451214 0.600372 0.015761 0.059396
0 0.145333 0.751816 0.036000 0.047226
0 0.047809 0.908451 0.037696 0.050958
0 0.050333 0.972919 0.015333 0.054161
0 0.182333 0.701453 0.032667 0.029062
0 0.166000 0.632761 0.029333 0.034346
0 0.193667 0.561427 0.031333 0.029062
0 0.250667 0.517834 0.036000 0.031704
0 0.146667 0.414901 0.022667 0.068481
0 0.019667 0.512667 0.032667 0.031939
0 0.119395 0.111740 0.014790 0.090919
0 0.076843 0.291281 0.027647 0.070013
0 0.054000 0.068781 0.014667 0.052663
0 0.227333 0.203435 0.038667 0.034346
0 0.243667 0.256275 0.042000 0.031704
0 0.310667 0.417437 0.042667 0.031704
8 0.688791 0.211623 0.018183 0.031991
8 0.672746 0.135921 0.029892 0.036425
8 0.668000 0.798547 0.084000 0.101717
0 0.430785 0.747413 0.016374 0.077058
0 0.420491 0.739004 0.020106 0.063818
0 0.464166 0.692425 0.018131 0.018967
8 0.447267 0.722719 0.065120 0.087494
8 0.042239 0.726547 0.026159 0.050172
8 0.165820 0.741291 0.014421 0.082485
0 0.470427 0.041232 0.013876 0.062901
0 0.365188 0.249328 0.028635 0.069399
0 0.342215 0.246276 0.029006 0.035717
0 0.151238 0.101637 0.031707 0.038433
0 0.075843 0.095363 0.025043 0.029806
8 0.165000 0.263540 0.015333 0.033025
8 0.280667 0.186922 0.014667 0.033025
8 0.197954 0.058085 0.156379 0.035316
8 0.101433 0.090225 0.026578 0.034696
8 0.027012 0.076517 0.052691 0.025248