8 0.955821 0.890459 0.059558 0.145148
8 0.873732 0.879399 0.020767 0.053169
8 0.687629 0.855344 0.030241 0.036079
8 0.648110 0.829537 0.022680 0.023949
8 0.631615 0.910483 0.059794 0.081007
8 0.581100 0.850919 0.009622 0.035398
8 0.600344 0.805310 0.019931 0.017699
8 0.564948 0.626617 0.038488 0.188564
8 0.687973 0.608577 0.052234 0.029952
8 0.597766 0.339006 0.109622 0.539142
8 0.749313 0.344112 0.250515 0.307012
8 0.741237 0.405718 0.023368 0.055820
8 0.937187 0.445915 0.125626 0.118386
8 0.936217 0.368987 0.010093 0.098278
8 0.950046 0.274267 0.028626 0.295626
8 0.781787 0.173247 0.024742 0.034717
8 0.860137 0.087815 0.013058 0.063989
8 0.947079 0.012253 0.058419 0.023145
8 0.953608 0.089857 0.027491 0.010892
8 0.893471 0.319265 0.024055 0.014976
8 0.608419 0.375085 0.027148 0.017699
8 0.631787 0.239959 0.009966 0.030633
8 0.861856 0.617767 0.021306 0.044248
8 0.118213 0.925119 0.070790 0.149762
8 0.054811 0.914568 0.028522 0.170865
8 0.269588 0.928863 0.053952 0.142274
8 0.301890 0.817903 0.023711 0.061947
8 0.330928 0.846494 0.014433 0.014295
8 0.202062 0.739959 0.021993 0.010892
8 0.386598 0.705242 0.023368 0.104833
8 0.457732 0.875425 0.039863 0.038121
8 0.459278 0.599728 0.015464 0.106195
8 0.279038 0.454050 0.022680 0.053097
8 0.307904 0.235194 0.029553 0.027910
8 0.292268 0.254255 0.007216 0.041525
8 0.289863 0.085773 0.023711 0.066712
8 0.203608 0.083390 0.029210 0.153165
8 0.119416 0.104833 0.080069 0.042206
8 0.043471 0.428523 0.038144 0.076923
8 0.062027 0.229067 0.049828 0.100068
8 0.303900 0.918679 0.024963 0.019962
8 0.410622 0.832709 0.056109 0.132926
8 0.413141 0.756719 0.007557 0.029942
8 0.234164 0.905977 0.027024 0.034479
1 0.802062 0.839687 0.013746 0.041525
1 0.815464 0.827774 0.014433 0.042206
1 0.942612 0.808033 0.010997 0.029952
1 0.976289 0.768550 0.009622 0.017699
1 0.932302 0.506807 0.014433 0.027910
1 0.534192 0.905378 0.012027 0.016338
1 0.616838 0.313819 0.021306 0.024506
1 0.954124 0.114364 0.023024 0.028591
1 0.966838 0.153846 0.011340 0.023145
1 0.402234 0.896528 0.020275 0.024506
1 0.307560 0.671886 0.019931 0.065351
1 0.156873 0.557522 0.016151 0.039483
1 0.138660 0.544588 0.018213 0.054459
1 0.076460 0.528931 0.014089 0.040844
1 0.062715 0.799864 0.013402 0.040844
1 0.041409 0.888019 0.012715 0.044248
1 0.243643 0.183118 0.017182 0.028591
1 0.337113 0.084752 0.019931 0.022464
1 0.465292 0.084411 0.010997 0.034037
1 0.108419 0.823690 0.010653 0.027229
1 0.313030 0.902707 0.008139 0.033357