6 0.220316 0.014903 0.052043 0.029806
6 0.327679 0.026080 0.050116 0.052161
7 0.259445 0.156855 0.015420 0.038003
6 0.468196 0.131569 0.021974 0.045356
6 0.085004 0.379754 0.029684 0.017332
6 0.475713 0.233234 0.016191 0.135618
6 0.424056 0.377422 0.029298 0.052906
6 0.188319 0.535768 0.048959 0.067064
6 0.250193 0.558495 0.058597 0.035022
6 0.298381 0.544709 0.030069 0.102832
6 0.249036 0.595007 0.067849 0.032042
7 0.211064 0.568927 0.021203 0.029061
6 0.303392 0.619598 0.042406 0.043964
6 0.327831 0.555043 0.009719 0.071732
6 0.459124 0.700832 0.026214 0.121461
6 0.469545 0.627422 0.026214 0.086438
6 0.464726 0.516021 0.025058 0.121461
6 0.835389 0.020216 0.035466 0.030000
6 0.797224 0.143706 0.047803 0.056413
6 0.778335 0.307377 0.038551 0.121461
6 0.813223 0.282787 0.025058 0.070790
6 0.859869 0.076379 0.018119 0.054396
6 0.832305 0.388103 0.056284 0.031050
7 0.897263 0.311595 0.020432 0.017645
7 0.974942 0.374069 0.020817 0.023845
6 0.447362 0.287545 0.039638 0.075845
6 0.450239 0.330102 0.029409 0.017918
6 0.459509 0.347094 0.035162 0.025951
6 0.472295 0.373354 0.009590 0.056227
6 0.469898 0.463873 0.010549 0.108747
6 0.478848 0.518555 0.013106 0.109365
6 0.330847 0.667464 0.011827 0.099478
6 0.327010 0.615562 0.015024 0.036455
6 0.478529 0.728943 0.014385 0.134698
6 0.310548 0.460629 0.020139 0.030894
7 0.305912 0.422939 0.011827 0.029658
6 0.472846 0.753503 0.016095 0.104129
6 0.466934 0.783662 0.008869 0.050159
7 0.328644 0.725884 0.006898 0.027303
6 0.283067 0.791520 0.026771 0.063335
6 0.301298 0.804377 0.026114 0.022699
6 0.298752 0.828266 0.046973 0.056192
6 0.307334 0.876680 0.022583 0.013969
6 0.967516 0.034162 0.009751 0.068323
6 0.978834 0.065463 0.013582 0.091547
6 0.984580 0.036854 0.011144 0.070679
6 0.682302 0.165844 0.016019 0.060414
6 0.674467 0.166097 0.006616 0.053177
6 0.933562 0.249566 0.037262 0.100297
6 0.949625 0.260084 0.041354 0.060750
6 0.977615 0.187974 0.011840 0.100970
6 0.985973 0.184945 0.012537 0.123185
6 0.725790 0.331016 0.023768 0.022213
6 0.728097 0.383184 0.019850 0.020194
6 0.730882 0.353229 0.010796 0.030291
6 0.832745 0.423909 0.022288 0.027598
6 0.695274 0.499469 0.054152 0.059572
6 0.681606 0.461604 0.028556 0.024906
6 0.783990 0.593876 0.037611 0.102317
6 0.801751 0.584789 0.043879 0.076065
6 0.874186 0.399339 0.042486 0.087507
6 0.872009 0.433333 0.034999 0.096259
7 0.883763 0.377126 0.015671 0.021540
7 0.826476 0.280446 0.015323 0.016660
7 0.972740 0.639986 0.006268 0.023560
6 0.985973 0.652103 0.021591 0.116453
6 0.990674 0.726148 0.014278 0.127223
8 0.774591 0.644561 0.276925 0.642516
8 0.368489 0.485663 0.237145 0.971326