2 0.326460 0.202859 0.017182 0.068074
2 0.356529 0.349558 0.018213 0.078285
2 0.210137 0.512934 0.020275 0.064670
8 0.166323 0.455412 0.010997 0.020422
8 0.094674 0.376447 0.010653 0.014976
2 0.309966 0.569095 0.014433 0.063989
2 0.326289 0.536079 0.014777 0.051055
2 0.357388 0.539823 0.015808 0.077604
2 0.153436 0.887338 0.014089 0.072839
2 0.207388 0.957114 0.038144 0.040844
2 0.336770 0.963921 0.030241 0.039483
8 0.273196 0.929544 0.011684 0.027910
8 0.836254 0.320626 0.008591 0.017699
2 0.563574 0.035058 0.015120 0.059224
2 0.800515 0.214772 0.019588 0.053778
2 0.868900 0.115044 0.015464 0.070796
2 0.730584 0.288632 0.015808 0.031314
2 0.670790 0.686521 0.019244 0.052417
2 0.569416 0.927161 0.026804 0.039483
2 0.815979 0.853642 0.016151 0.076242