8 0.753579 0.822362 0.082141 0.172528
8 0.830241 0.986726 0.007560 0.019741
8 0.912887 0.963581 0.011340 0.053778
8 0.739175 0.730088 0.024742 0.033356
8 0.723540 0.695031 0.023711 0.031314
8 0.539691 0.869299 0.006529 0.027229
8 0.560137 0.942138 0.014433 0.032675
8 0.968729 0.668822 0.026804 0.076923
8 0.913574 0.664738 0.045017 0.042886
8 0.838660 0.553438 0.024399 0.107556
8 0.819244 0.576923 0.013058 0.053778
8 0.763058 0.442818 0.082818 0.089176
8 0.803952 0.306671 0.051890 0.036079
8 0.923711 0.382233 0.015808 0.033356
8 0.722680 0.329135 0.035052 0.033356
8 0.834880 0.144997 0.007216 0.058543
8 0.732990 0.151804 0.019244 0.035398
8 0.974914 0.260041 0.010309 0.031314
8 0.584536 0.168142 0.013746 0.042206
8 0.616323 0.211368 0.025773 0.011572
8 0.258247 0.821647 0.068385 0.196052
8 0.396220 0.894826 0.021993 0.031995
8 0.211340 0.889721 0.027491 0.076242
8 0.196907 0.627978 0.025430 0.029272
8 0.133333 0.787270 0.052234 0.350579
8 0.104667 0.979878 0.030312 0.040244
8 0.055867 0.947832 0.105555 0.103059
8 0.007736 0.896835 0.014785 0.206329
8 0.079553 0.802587 0.027148 0.098026
8 0.064605 0.562287 0.008247 0.024506
8 0.261684 0.727706 0.012027 0.017699
8 0.253093 0.695031 0.014089 0.016338
8 0.233505 0.674609 0.006529 0.016338
8 0.375430 0.659632 0.007904 0.034037
8 0.407732 0.635807 0.014089 0.028591
8 0.346220 0.617086 0.009966 0.029272
8 0.296392 0.483662 0.034021 0.060585
8 0.319072 0.411504 0.025773 0.074200
8 0.296392 0.482982 0.031271 0.059224
8 0.451890 0.326413 0.035052 0.075562
8 0.469244 0.265487 0.006529 0.040844
8 0.393127 0.205242 0.021993 0.011572
8 0.122165 0.518039 0.017526 0.043567
8 0.028694 0.484003 0.056701 0.024506
8 0.029725 0.407760 0.033333 0.025868
8 0.032131 0.574881 0.031271 0.034717
8 0.018385 0.361811 0.009278 0.022464
8 0.108076 0.134445 0.022337 0.095984
8 0.138832 0.154527 0.022680 0.019061
8 0.032990 0.080667 0.030928 0.086453
8 0.313058 0.108918 0.020619 0.019061
8 0.418691 0.748400 0.045629 0.059359
1 0.704811 0.864193 0.017869 0.036079
1 0.890206 0.855684 0.023024 0.062628
1 0.641237 0.467325 0.019244 0.070116
1 0.748110 0.673928 0.010997 0.023145
1 0.701546 0.417291 0.015464 0.027229
1 0.656357 0.462900 0.010309 0.017699
1 0.943986 0.288291 0.019931 0.059224
1 0.962715 0.317903 0.010653 0.046290
1 0.678694 0.100408 0.017869 0.030633
1 0.613746 0.108237 0.017869 0.034037
1 0.906014 0.099728 0.012027 0.025187
1 0.950859 0.117086 0.009622 0.023145
1 0.585739 0.041865 0.011340 0.021103
1 0.437801 0.845133 0.013058 0.033356
1 0.398797 0.801566 0.018213 0.019741
1 0.435223 0.790334 0.025086 0.034037
1 0.361512 0.608237 0.014433 0.030633
1 0.457450 0.668681 0.009671 0.025243
1 0.464504 0.646142 0.009444 0.018933
1 0.053436 0.854663 0.022337 0.042886
1 0.099141 0.706263 0.013402 0.022464
1 0.125945 0.649762 0.022337 0.033356
1 0.281787 0.563649 0.028179 0.042206
1 0.136426 0.470728 0.019244 0.030633
1 0.044845 0.241321 0.012715 0.026549
1 0.116268 0.409017 0.013493 0.016624
1 0.107218 0.391252 0.007240 0.018906
1 0.355498 0.427502 0.012027 0.021784