1 0.104708 0.150801 0.017010 0.036457
1 0.304639 0.163036 0.023711 0.034717
1 0.298454 0.246426 0.031271 0.036760
1 0.068385 0.434939 0.030928 0.054560
1 0.043566 0.448945 0.017716 0.033356
1 0.329553 0.477195 0.024055 0.068074
1 0.152062 0.526549 0.011340 0.034717
1 0.163230 0.614364 0.020619 0.038802
1 0.080175 0.664254 0.012771 0.034323
1 0.056873 0.872703 0.019588 0.031314
1 0.205155 0.820286 0.018557 0.059905
1 0.195017 0.876447 0.023024 0.033356
8 0.947938 0.860449 0.038144 0.017699
1 0.847766 0.799183 0.019244 0.025868
1 0.876460 0.868958 0.031959 0.031995
1 0.784021 0.674609 0.010653 0.023145
1 0.897766 0.731450 0.010653 0.029272
1 0.589175 0.845473 0.016151 0.025868
1 0.919244 0.596324 0.009622 0.027229
1 0.921821 0.532335 0.012715 0.036760
1 0.901546 0.451668 0.010653 0.044248
1 0.891065 0.404016 0.013746 0.031995
1 0.827663 0.397209 0.014089 0.044248
1 0.737467 0.377799 0.017312 0.016866
8 0.655186 0.402254 0.078001 0.029796
1 0.583832 0.518911 0.009082 0.043852
1 0.485237 0.769069 0.015982 0.024624
1 0.528368 0.101080 0.018555 0.023758
1 0.401424 0.195886 0.019008 0.048411
8 0.408325 0.303466 0.037336 0.091443
1 0.424504 0.293156 0.017650 0.018826
1 0.386715 0.174594 0.010862 0.023758
1 0.416698 0.374962 0.018781 0.019275
1 0.702458 0.161405 0.007954 0.033218
1 0.865953 0.139259 0.009459 0.018738
1 0.899813 0.208037 0.023863 0.030236