8 0.280584 0.130361 0.203093 0.044248
8 0.220275 0.401293 0.120962 0.106875
8 0.240378 0.349558 0.015464 0.071477
8 0.281443 0.012934 0.039863 0.025868
8 0.027491 0.115044 0.054983 0.074881
8 0.047766 0.031995 0.025430 0.054459
8 0.120962 0.106535 0.012371 0.044248
8 0.038488 0.388700 0.016495 0.025868
8 0.522337 0.978557 0.103780 0.041525
8 0.692268 0.975494 0.071134 0.047651
1 0.714089 0.064670 0.016495 0.038121
1 0.663574 0.231450 0.021306 0.029952
1 0.664089 0.273315 0.029210 0.059224
1 0.479210 0.669503 0.018900 0.038802
1 0.465292 0.672226 0.018557 0.033356
1 0.478866 0.745065 0.027148 0.033356
1 0.359450 0.684139 0.023368 0.046290
1 0.445533 0.815180 0.014777 0.041525
1 0.709107 0.933288 0.027835 0.036760