4 0.857801 0.888730 0.025527 0.069988
4 0.921011 0.801519 0.021979 0.058785
4 0.871000 0.760034 0.022000 0.073063
4 0.848667 0.739102 0.024000 0.062087
4 0.867667 0.703435 0.019333 0.035667
4 0.802667 0.772787 0.026667 0.034346
4 0.751000 0.840819 0.024667 0.038309
4 0.951333 0.647322 0.021333 0.060827
4 0.892333 0.511160 0.031333 0.039493
4 0.926286 0.449802 0.018095 0.064729
4 0.840000 0.434610 0.030667 0.039630
4 0.834000 0.487755 0.022667 0.048165
4 0.750000 0.418098 0.025333 0.030383
4 0.824000 0.385152 0.026667 0.056962
4 0.940333 0.395438 0.031333 0.036073
4 0.365424 0.873184 0.016182 0.029062
4 0.235000 0.871863 0.027333 0.073976
4 0.141818 0.891170 0.028363 0.051213
4 0.357804 0.787947 0.024393 0.062151
4 0.343333 0.739102 0.024000 0.030383
4 0.176491 0.710731 0.021684 0.065989
4 0.270667 0.566711 0.018667 0.042272
4 0.292197 0.564034 0.026945 0.052909
4 0.369000 0.616909 0.027333 0.071334
4 0.446000 0.557464 0.032000 0.034346
4 0.422912 0.522985 0.020843 0.045178
4 0.410000 0.480185 0.029333 0.040951
8 0.309333 0.536567 0.290667 0.242587
8 0.269735 0.260192 0.048816 0.517741
4 0.454667 0.402246 0.022667 0.027741
4 0.456000 0.316380 0.026667 0.056803
4 0.397333 0.315059 0.020000 0.070013
4 0.347667 0.394980 0.018000 0.058124
4 0.106333 0.527081 0.031333 0.066050
4 0.297686 0.132100 0.028627 0.055482