0 0.931804 0.922008 0.037142 0.059287
0 0.924582 0.898907 0.036317 0.048247
0 0.921074 0.862108 0.040856 0.030256
0 0.949653 0.854749 0.038173 0.041704
0 0.963993 0.815497 0.035904 0.031074
0 0.867667 0.799868 0.034000 0.040951
0 0.982333 0.676075 0.028667 0.049639
0 0.915000 0.638589 0.028667 0.046469
0 0.710000 0.597094 0.026667 0.031704
0 0.635667 0.775429 0.015333 0.079260
0 0.601722 0.844122 0.034111 0.042272
0 0.556333 0.757596 0.040667 0.033025
0 0.502000 0.941876 0.034667 0.029062
0 0.540667 0.673052 0.034667 0.033025
0 0.556667 0.614267 0.022667 0.026420
0 0.677333 0.464333 0.021333 0.070013
8 0.778333 0.260898 0.087333 0.077939
0 0.896667 0.336856 0.024000 0.066050
0 0.914667 0.307794 0.036000 0.039630
0 0.894667 0.180978 0.032000 0.042272
0 0.932667 0.128861 0.040000 0.030256
0 0.981000 0.171731 0.016667 0.055482
0 0.938333 0.042624 0.030000 0.035974
0 0.666667 0.044914 0.032000 0.050198
8 0.759000 0.145971 0.024667 0.048877
0 0.627697 0.239949 0.027393 0.030757
0 0.558333 0.224571 0.034000 0.047556
0 0.564667 0.139366 0.022667 0.062087
0 0.638000 0.364597 0.041333 0.029062
0 0.195667 0.858653 0.035333 0.039630
0 0.154174 0.885868 0.035653 0.054431
0 0.158981 0.767503 0.023296 0.063408
0 0.075000 0.957728 0.018000 0.066050
0 0.194333 0.805454 0.034000 0.035063
0 0.370333 0.605020 0.036667 0.031704
0 0.376667 0.394980 0.024000 0.073976
0 0.228333 0.445178 0.044667 0.031704
0 0.457333 0.308454 0.026667 0.027741
0 0.475000 0.202774 0.040667 0.033025
0 0.228000 0.260238 0.025333 0.055482
0 0.196333 0.340159 0.023333 0.043593
0 0.051000 0.320343 0.038000 0.027741
0 0.053667 0.287979 0.039333 0.031704
0 0.131667 0.085865 0.036667 0.026420
0 0.321000 0.121532 0.042000 0.031704
0 0.037621 0.072655 0.019425 0.068692
0 0.446667 0.017834 0.048000 0.033025
8 0.110333 0.207398 0.023333 0.052840
8 0.040000 0.447160 0.018667 0.035667
8 0.395333 0.940555 0.062667 0.050198
8 0.114667 0.861955 0.025333 0.027741
8 0.760000 0.735139 0.038667 0.027741
8 0.694667 0.892999 0.014667 0.036988
8 0.717000 0.509908 0.040667 0.042272