0 0.334192 0.108918 0.036082 0.044929
0 0.134576 0.086113 0.018821 0.057862
0 0.046048 0.086794 0.030928 0.051055
0 0.147423 0.241661 0.030241 0.039483
0 0.308935 0.223281 0.021306 0.073519
0 0.382990 0.092240 0.041581 0.029272
0 0.332131 0.202859 0.016151 0.063989
0 0.244502 0.340368 0.036082 0.028591
0 0.275430 0.349558 0.033333 0.061947
0 0.330584 0.287951 0.041237 0.040844
0 0.462761 0.052417 0.017292 0.061266
0 0.452405 0.402655 0.043643 0.034717
0 0.351890 0.438393 0.021306 0.066712
0 0.325258 0.461879 0.019588 0.071477
0 0.029897 0.177672 0.015120 0.039483
0 0.088832 0.620830 0.033333 0.050374
0 0.294845 0.642954 0.014433 0.064670
0 0.413058 0.612321 0.023368 0.044248
0 0.254124 0.796120 0.020962 0.071477
0 0.040550 0.789312 0.028179 0.036079
0 0.286149 0.793057 0.014222 0.059905
0 0.383849 0.777059 0.033677 0.055140
0 0.457560 0.813819 0.023024 0.075562
0 0.250172 0.980599 0.019931 0.037440
0 0.495876 0.943499 0.034364 0.053097
0 0.562887 0.024847 0.026117 0.049694
0 0.645361 0.019401 0.019931 0.038802
0 0.786426 0.097005 0.034708 0.038802
0 0.989347 0.110619 0.020619 0.027910
0 0.993299 0.010211 0.012715 0.020422
0 0.562371 0.305990 0.031959 0.040163
0 0.740378 0.299183 0.016151 0.081007
0 0.599485 0.417971 0.019588 0.083050
0 0.728179 0.450647 0.025430 0.066712
0 0.838144 0.479238 0.042612 0.032675
0 0.872680 0.436692 0.015464 0.068754
0 0.503093 0.604493 0.026804 0.063989
0 0.644845 0.587134 0.017526 0.074200
0 0.776289 0.631382 0.039863 0.055140
0 0.989519 0.569775 0.020275 0.038121
0 0.799656 0.702859 0.031615 0.072839
0 0.775086 0.691967 0.036082 0.041525
0 0.945189 0.758679 0.030584 0.063308
0 0.738316 0.836964 0.029897 0.036079
0 0.790206 0.983662 0.018900 0.031314
8 0.576289 0.968005 0.039863 0.062628
0 0.936379 0.895591 0.034986 0.035051
0 0.941004 0.938210 0.032171 0.043813
0 0.622712 0.784464 0.034986 0.024694
0 0.963524 0.611499 0.017694 0.065920
0 0.291493 0.074194 0.038222 0.028123
0 0.310108 0.072971 0.035149 0.033830
0 0.035745 0.427696 0.023887 0.041436
0 0.051619 0.429008 0.021757 0.045760