1 0.285395 0.061266 0.027148 0.040844
1 0.277491 0.464942 0.019588 0.031314
1 0.169931 0.619129 0.024399 0.031995
1 0.075601 0.520082 0.013058 0.038121
8 0.305155 0.789653 0.052921 0.025868
1 0.174227 0.861811 0.017869 0.027229
1 0.550515 0.699115 0.015808 0.035398
1 0.570447 0.893465 0.030928 0.038802
1 0.655155 0.894826 0.012715 0.029272
1 0.749828 0.592240 0.015120 0.028591
1 0.781615 0.156909 0.019588 0.052417
8 0.699828 0.151804 0.020962 0.042206
1 0.871993 0.444860 0.018900 0.036079
1 0.940206 0.405718 0.017182 0.039483
1 0.913058 0.611641 0.010997 0.023826
8 0.766151 0.861130 0.034021 0.111641
8 0.717698 0.904016 0.017526 0.038121
8 0.597052 0.879258 0.051518 0.018229