2 0.349656 0.196392 0.021649 0.057862
2 0.122165 0.304289 0.017526 0.043567
2 0.458935 0.295779 0.027835 0.053778
2 0.389347 0.545269 0.014433 0.047651
2 0.316323 0.544248 0.012715 0.060585
8 0.414261 0.533696 0.014089 0.025868
2 0.478866 0.579986 0.027148 0.058543
2 0.384708 0.682777 0.015464 0.054459
2 0.265120 0.727025 0.019588 0.069435
2 0.036598 0.759020 0.024399 0.049013
8 0.115292 0.796460 0.012027 0.023145
2 0.341753 0.895167 0.023711 0.058543
2 0.407732 0.886998 0.032646 0.034037
2 0.452577 0.908441 0.017869 0.076923
8 0.469759 0.949285 0.013058 0.030633
8 0.501546 0.945541 0.014089 0.023145
2 0.718900 0.037781 0.035739 0.034717
2 0.757732 0.046971 0.019931 0.055820
2 0.617182 0.005786 0.014433 0.011572
2 0.649485 0.188904 0.030241 0.048332
2 0.648969 0.340368 0.014089 0.058543
2 0.725086 0.454731 0.032990 0.031314
2 0.740550 0.712389 0.028179 0.059224
2 0.544330 0.679374 0.021993 0.046290
2 0.600515 0.792035 0.013402 0.027910
2 0.594330 0.941116 0.024399 0.044248
2 0.840034 0.897549 0.018213 0.049694
2 0.914605 0.558543 0.018213 0.081007
8 0.987113 0.728046 0.014089 0.025187