4 0.810667 0.898283 0.017333 0.060766
4 0.879076 0.783353 0.037018 0.047560
4 0.784333 0.792867 0.028667 0.047028
4 0.763087 0.799868 0.017275 0.051519
4 0.734090 0.852708 0.031671 0.051519
4 0.702844 0.821004 0.028354 0.040951
4 0.690000 0.754293 0.018667 0.042272
4 0.697780 0.650880 0.019561 0.048306
4 0.861000 0.612285 0.026000 0.030383
4 0.863333 0.576612 0.032000 0.038322
4 0.877241 0.540291 0.020185 0.050198
4 0.858192 0.527766 0.018283 0.051470
4 0.718114 0.512491 0.021106 0.071452
4 0.791000 0.480185 0.022000 0.033025
4 0.866737 0.416863 0.021388 0.056235
4 0.848150 0.349217 0.023700 0.051345
4 0.825667 0.346103 0.019333 0.044914
4 0.765333 0.385385 0.029333 0.032400
4 0.727000 0.345443 0.023333 0.025099
4 0.333333 0.967161 0.033333 0.041901
4 0.321169 0.820283 0.024329 0.052960
4 0.199667 0.965654 0.028667 0.055482
4 0.229620 0.838838 0.018093 0.060766
4 0.209333 0.831572 0.021333 0.067371
4 0.052983 0.940317 0.019367 0.065575
4 0.038523 0.883454 0.028287 0.078240
4 0.387000 0.607001 0.027333 0.035667
4 0.317311 0.509554 0.034711 0.050906
4 0.264929 0.509034 0.033858 0.067798
4 0.204941 0.529859 0.028785 0.039357
4 0.038000 0.503963 0.038667 0.043593
4 0.303871 0.458388 0.025075 0.050198
4 0.328333 0.431000 0.020667 0.060061
8 0.399667 0.636063 0.024667 0.022457
4 0.337333 0.332893 0.025333 0.042272
4 0.262016 0.250991 0.025302 0.060766
4 0.242634 0.212682 0.022733 0.071334
4 0.093333 0.346764 0.028000 0.030383
4 0.332961 0.211893 0.028589 0.057059
4 0.366145 0.155218 0.030376 0.038309