8 0.706014 0.639891 0.062887 0.153846
8 0.751375 0.723281 0.017526 0.066031
8 0.900172 0.579306 0.022337 0.102110
8 0.662027 0.898230 0.015464 0.021103
8 0.567869 0.749489 0.014089 0.088496
8 0.535567 0.528591 0.024399 0.036079
8 0.724227 0.206410 0.108247 0.261402
8 0.533505 0.377127 0.034021 0.102110
8 0.581100 0.230429 0.048110 0.030633
8 0.540893 0.267529 0.009622 0.024506
8 0.356014 0.513615 0.245361 0.417291
8 0.454296 0.465963 0.021993 0.072839
8 0.412027 0.493193 0.023368 0.049694
8 0.445876 0.419333 0.048454 0.069435
8 0.343643 0.334241 0.056357 0.044929
8 0.092784 0.829816 0.041237 0.058543
8 0.365120 0.958475 0.031959 0.083050
8 0.454296 0.867597 0.009622 0.034717
8 0.275258 0.765827 0.013746 0.065351
8 0.048454 0.636828 0.017869 0.019741
8 0.129897 0.246426 0.088660 0.190606
8 0.079897 0.192648 0.031959 0.081688
8 0.049656 0.202592 0.098625 0.403823
8 0.209966 0.183799 0.057732 0.029952
8 0.231959 0.116746 0.038488 0.075562
8 0.250172 0.044248 0.015120 0.087134
8 0.287973 0.099387 0.035052 0.032675
8 0.161512 0.381892 0.061168 0.076242
8 0.458807 0.138588 0.123527 0.090283
8 0.412001 0.140187 0.062924 0.136388
8 0.375240 0.116679 0.010033 0.076131
8 0.380668 0.054505 0.007995 0.023736
8 0.404007 0.074802 0.010315 0.011749
8 0.564669 0.060499 0.014442 0.017879
8 0.300145 0.290112 0.022312 0.042909
8 0.103479 0.527068 0.012167 0.007696
1 0.782818 0.714432 0.017869 0.049694
1 0.934192 0.888359 0.024399 0.038121
1 0.871821 0.932607 0.010309 0.031314
1 0.856357 0.894826 0.010309 0.014295
1 0.741065 0.670524 0.022337 0.020422
1 0.250687 0.800885 0.015464 0.021103
1 0.324570 0.670524 0.010653 0.025868
1 0.455842 0.559905 0.012715 0.026549
1 0.319244 0.641593 0.023368 0.029272
1 0.429210 0.484003 0.015808 0.024506
1 0.236082 0.481961 0.028866 0.073519
1 0.177148 0.581348 0.014089 0.031314
1 0.120790 0.635466 0.020275 0.055140
1 0.071134 0.631722 0.021306 0.031314
1 0.060997 0.664738 0.012715 0.036079
1 0.127320 0.521784 0.014777 0.030633
1 0.062199 0.506127 0.014433 0.015657
1 0.056357 0.445882 0.031615 0.043567
1 0.062543 0.336964 0.014433 0.031314
1 0.279210 0.271954 0.013402 0.030633
1 0.555670 0.299183 0.013746 0.026549
1 0.923024 0.394826 0.029553 0.046290
1 0.776460 0.061266 0.013402 0.024506