6 0.435708 0.019986 0.008098 0.039972
6 0.169771 0.015653 0.036731 0.022920
6 0.205490 0.035639 0.016197 0.071278
6 0.178014 0.107895 0.019088 0.028511
7 0.282711 0.045842 0.015618 0.031865
6 0.288062 0.114883 0.010701 0.054785
6 0.170784 0.130536 0.055530 0.074911
7 0.232243 0.237034 0.009544 0.025156
6 0.261888 0.204050 0.043383 0.028511
6 0.311489 0.199019 0.043094 0.056463
6 0.377575 0.215720 0.008098 0.066387
7 0.368899 0.264706 0.007520 0.029070
6 0.392868 0.343181 0.035936 0.040670
7 0.408196 0.350798 0.011641 0.034661
6 0.186112 0.401671 0.037020 0.120753
6 0.223566 0.406982 0.046564 0.037456
6 0.270817 0.378471 0.069485 0.026275
6 0.270600 0.337382 0.032899 0.057022
6 0.157733 0.495870 0.057338 0.032984
6 0.124075 0.508169 0.039045 0.045282
6 0.093794 0.572459 0.041763 0.103423
6 0.085550 0.552592 0.036704 0.111729
6 0.119617 0.620139 0.021758 0.081992
6 0.301701 0.552757 0.014968 0.086045
6 0.167981 0.732569 0.057293 0.022147
7 0.182024 0.780772 0.007190 0.025621
7 0.343679 0.847864 0.017300 0.045163
7 0.364076 0.867728 0.015153 0.023227
7 0.217410 0.858287 0.011908 0.047768
6 0.226088 0.903449 0.036343 0.092931
6 0.248191 0.924076 0.040217 0.031700
6 0.266278 0.908443 0.054822 0.036911
6 0.234823 0.968986 0.030107 0.022147
6 0.244042 0.988789 0.043573 0.020932
6 0.348577 0.963244 0.067718 0.027165
6 0.383448 0.940542 0.064932 0.038215
6 0.383375 0.904282 0.054741 0.033437
6 0.449061 0.944000 0.049205 0.062533
6 0.542007 0.905133 0.021934 0.096839
6 0.532995 0.972032 0.039510 0.054446
6 0.663803 0.871879 0.023244 0.098074
7 0.536592 0.535465 0.014660 0.049588
7 0.416428 0.469432 0.008901 0.052118
7 0.497454 0.607316 0.022776 0.020240
6 0.331845 0.554945 0.023608 0.087537
6 0.401375 0.566790 0.020158 0.096656
6 0.353598 0.631816 0.029844 0.073876
6 0.657823 0.591079 0.059337 0.026065
6 0.638236 0.520705 0.041873 0.036491
6 0.508858 0.099243 0.049313 0.035454
6 0.553328 0.169659 0.027433 0.031520
7 0.627314 0.156510 0.019121 0.018186
6 0.640826 0.152017 0.012604 0.052095
6 0.714892 0.174509 0.029625 0.016465
6 0.721155 0.048722 0.034833 0.078440
6 0.727834 0.185687 0.046970 0.056236
8 0.490702 0.029296 0.058469 0.057308
7 0.620014 0.304554 0.014279 0.047667
6 0.696707 0.269473 0.063180 0.042846
6 0.774551 0.355739 0.035514 0.064197
7 0.670635 0.555586 0.017458 0.015532
7 0.820000 0.770757 0.016903 0.038562
7 0.872096 0.942400 0.009145 0.050857
6 0.798663 0.801553 0.014133 0.079803
6 0.853807 0.935182 0.030204 0.111402
6 0.968805 0.877339 0.014687 0.063199
8 0.929554 0.600343 0.118031 0.040617
6 0.980676 0.549125 0.037877 0.095183
6 0.918128 0.536229 0.013888 0.106931
7 0.913025 0.539291 0.005158 0.041510
7 0.986457 0.482215 0.024736 0.030390
7 0.927907 0.419766 0.017197 0.031502
6 0.976834 0.356972 0.045560 0.029317
7 0.994347 0.269822 0.010536 0.019189
6 0.952945 0.146935 0.010492 0.072006
6 0.906620 0.029904 0.007722 0.059808