2 0.859622 0.749830 0.019588 0.076923
2 0.801890 0.816882 0.017526 0.065351
2 0.768729 0.793737 0.035739 0.036760
2 0.814261 0.723622 0.012715 0.050374
2 0.767354 0.672907 0.030241 0.052417
2 0.535052 0.725664 0.022680 0.063989
2 0.977148 0.671545 0.016151 0.067393
2 0.772165 0.540163 0.027491 0.063308
2 0.739175 0.391423 0.017869 0.068074
2 0.869588 0.428182 0.016151 0.047651
2 0.693643 0.435671 0.012027 0.053097
2 0.602405 0.477536 0.030241 0.038802
2 0.518557 0.390402 0.021306 0.055140
2 0.919244 0.362832 0.024742 0.070796
2 0.951546 0.331518 0.026117 0.051736
2 0.843986 0.266167 0.013746 0.043567
2 0.798282 0.282165 0.018557 0.064670
2 0.778351 0.239278 0.023368 0.044248
2 0.817869 0.247107 0.042612 0.074881
2 0.663746 0.090538 0.015464 0.072158
2 0.957904 0.155548 0.014777 0.060585
2 0.928007 0.139551 0.024399 0.065351
8 0.656357 0.244044 0.011684 0.045609
8 0.528007 0.056501 0.011340 0.024506
8 0.731615 0.026889 0.015120 0.052417
8 0.892268 0.011913 0.008591 0.022464
8 0.453952 0.526549 0.064605 0.109598
2 0.420962 0.267529 0.021306 0.046290
2 0.435567 0.011572 0.016151 0.021784
2 0.228351 0.084071 0.036770 0.036079
2 0.236598 0.016338 0.015464 0.031314
2 0.351890 0.860790 0.021993 0.068754
2 0.334021 0.943839 0.013746 0.038802
2 0.222680 0.900613 0.020619 0.036760
8 0.335567 0.757999 0.012027 0.021103
8 0.337457 0.605514 0.010309 0.018380
8 0.010825 0.937713 0.010653 0.021103
2 0.235911 0.635126 0.016151 0.043567
2 0.035395 0.775017 0.019931 0.070116
2 0.107732 0.567393 0.015464 0.068754
2 0.064605 0.520082 0.027491 0.050374
2 0.096735 0.455752 0.033333 0.061947
8 0.097766 0.405718 0.012715 0.029952