3 0.199485 0.097345 0.036082 0.034037
6 0.101890 0.103131 0.022337 0.048332
6 0.208935 0.161334 0.034364 0.032675
6 0.224914 0.239278 0.052577 0.048332
6 0.379553 0.117767 0.031271 0.032675
0 0.344674 0.222600 0.028866 0.046290
1 0.124227 0.247447 0.042955 0.037440
0 0.119072 0.313138 0.028522 0.032675
6 0.274227 0.321647 0.028866 0.031995
6 0.417869 0.171545 0.019244 0.069435
6 0.165292 0.518039 0.037113 0.069435
6 0.191237 0.572158 0.012027 0.078285
6 0.077148 0.482641 0.020962 0.073519
6 0.023711 0.563308 0.023368 0.037440
6 0.155842 0.651464 0.031271 0.068074
6 0.100515 0.744724 0.026460 0.027229
2 0.372165 0.695371 0.019244 0.071477
1 0.289863 0.788291 0.027148 0.083050
6 0.267182 0.892103 0.028522 0.051055
6 0.012027 0.847856 0.024055 0.031995
0 0.802062 0.056841 0.019244 0.064670
8 0.838316 0.051055 0.037457 0.025868
0 0.898282 0.136487 0.034364 0.029272
8 0.721134 0.112662 0.069759 0.136828
1 0.578866 0.054118 0.047079 0.060585
1 0.529553 0.029612 0.037801 0.045609
6 0.520790 0.126276 0.031959 0.063308
1 0.752062 0.208986 0.033333 0.035398
6 0.890034 0.260041 0.016495 0.073519
1 0.520447 0.247447 0.021649 0.049694
6 0.476117 0.305310 0.014777 0.070116
6 0.590893 0.325391 0.029897 0.031314
6 0.580756 0.374064 0.030241 0.019741
6 0.516151 0.445541 0.028866 0.027910
8 0.528351 0.493533 0.024399 0.047651
6 0.515800 0.599545 0.039770 0.043933
2 0.575601 0.597686 0.019244 0.070796
3 0.612715 0.549013 0.019931 0.053778
0 0.673883 0.417291 0.040550 0.027229
3 0.710309 0.476515 0.026804 0.040844
1 0.772509 0.351940 0.041237 0.063989
8 0.784708 0.420694 0.014777 0.073519
8 0.854811 0.335602 0.026460 0.047651
1 0.940722 0.444180 0.023711 0.091899
6 0.884708 0.502723 0.009966 0.064670
6 0.709107 0.583390 0.012027 0.055820
8 0.693814 0.674609 0.019931 0.126617
8 0.546048 0.731110 0.061168 0.102110
6 0.554467 0.691627 0.019588 0.058543
1 0.614777 0.741661 0.041924 0.057862
6 0.625105 0.896144 0.021268 0.089264
6 0.701585 0.919673 0.028600 0.044929
6 0.751546 0.840708 0.015808 0.065351
6 0.815464 0.856705 0.020619 0.068754
6 0.865636 0.882233 0.041237 0.020422
6 0.936082 0.878829 0.009622 0.083050
8 0.943986 0.972090 0.043986 0.054459
1 0.873024 0.705582 0.016838 0.076923
3 0.935395 0.724983 0.018557 0.072158
6 0.894158 0.756978 0.019931 0.044929
6 0.579909 0.780122 0.020711 0.057438
6 0.601960 0.771434 0.030701 0.029443
6 0.603666 0.759608 0.031676 0.030891
6 0.415994 0.576125 0.007366 0.071841
6 0.422369 0.538100 0.009916 0.090081
3 0.109107 0.519061 0.019588 0.066031
2 0.995704 0.261743 0.007904 0.070116
8 0.139863 0.817563 0.084536 0.212389
6 0.142440 0.859088 0.023711 0.019061