1 0.932131 0.242342 0.014777 0.025868
1 0.824227 0.020082 0.014777 0.029272
1 0.543299 0.318244 0.015120 0.026549
1 0.645533 0.324370 0.012027 0.038802
1 0.765292 0.232471 0.017182 0.052417
1 0.719931 0.188904 0.016495 0.025187
1 0.514948 0.034717 0.009966 0.019061
1 0.443814 0.183118 0.012027 0.019061
1 0.254983 0.429884 0.019244 0.026549
1 0.469416 0.527910 0.017182 0.044248
1 0.099485 0.419333 0.010653 0.036760
1 0.165464 0.530293 0.009278 0.017699
1 0.107388 0.733833 0.012027 0.023145
1 0.038316 0.784547 0.027148 0.034717
8 0.064948 0.785568 0.021993 0.014976
1 0.177148 0.787951 0.017526 0.026549
1 0.284021 0.818244 0.014089 0.031314
1 0.356186 0.916270 0.013402 0.029952
1 0.425258 0.933288 0.018213 0.028591
8 0.479725 0.624234 0.026117 0.025868
1 0.045017 0.878148 0.010997 0.019061
1 0.656529 0.711028 0.012715 0.029272
1 0.732818 0.753914 0.023024 0.027910
1 0.871821 0.462560 0.017182 0.029272
8 0.913746 0.045609 0.034364 0.039483
8 0.876460 0.031314 0.016151 0.062628
8 0.920790 0.787611 0.020275 0.080327
8 0.951203 0.737577 0.038488 0.026549
8 0.824570 0.835262 0.026460 0.044929
8 0.686922 0.746730 0.069769 0.161630
8 0.609207 0.886833 0.062001 0.148219
8 0.608851 0.841832 0.030644 0.154936
8 0.644483 0.936593 0.032782 0.055759
1 0.584799 0.851190 0.009621 0.014822