1 0.069996 0.325322 0.011602 0.023493
1 0.286429 0.253312 0.022688 0.038814
1 0.187679 0.890330 0.019136 0.045683
1 0.316111 0.942088 0.018400 0.025757
1 0.343097 0.893975 0.008096 0.016037
1 0.620077 0.566905 0.015947 0.060749
1 0.597629 0.483072 0.018155 0.039851
8 0.666813 0.525596 0.019136 0.030617
8 0.759916 0.467521 0.034101 0.035963
1 0.801500 0.459745 0.014229 0.038879
8 0.854247 0.549410 0.027477 0.045197
8 0.859031 0.344323 0.047840 0.045197
1 0.956059 0.356229 0.018645 0.063179
8 0.983659 0.386360 0.013984 0.087478
1 0.965164 0.138295 0.011403 0.018439
8 0.867775 0.020975 0.027460 0.041950
8 0.987239 0.100955 0.024835 0.071914