2 0.181615 0.090538 0.014089 0.061266
1 0.151890 0.082369 0.043299 0.085773
1 0.394674 0.080255 0.016838 0.110422
6 0.163230 0.188223 0.017869 0.031995
6 0.149485 0.219197 0.030928 0.029952
6 0.214605 0.111641 0.012027 0.061266
3 0.138316 0.283867 0.018900 0.061266
6 0.365120 0.358067 0.035395 0.023145
3 0.137285 0.375085 0.022337 0.065351
6 0.175258 0.465623 0.036426 0.020422
8 0.062027 0.492172 0.023024 0.039483
6 0.018385 0.606195 0.018900 0.072839
6 0.040206 0.627638 0.014433 0.066712
6 0.085567 0.675970 0.013058 0.070796
1 0.188316 0.657250 0.022680 0.153165
6 0.335739 0.685302 0.027491 0.038519
6 0.365979 0.714432 0.048797 0.042886
8 0.461512 0.727706 0.028866 0.066712
6 0.092268 0.827774 0.016151 0.073519
6 0.038316 0.850238 0.031959 0.038121
1 0.014605 0.897170 0.029210 0.047573
2 0.322165 0.810415 0.024399 0.066031
6 0.358591 0.850919 0.025773 0.027229
8 0.407560 0.966984 0.035052 0.064670
8 0.622852 0.048332 0.038832 0.074881
6 0.610653 0.169503 0.008935 0.073519
3 0.885567 0.169843 0.028866 0.060585
3 0.541065 0.286249 0.025773 0.036079
6 0.667526 0.432607 0.035395 0.023826
3 0.723196 0.414568 0.033333 0.039483
1 0.552234 0.452689 0.017182 0.061266
1 0.640206 0.578965 0.019244 0.098707
2 0.704296 0.523145 0.016151 0.071477
3 0.723368 0.594622 0.021306 0.057862
6 0.823711 0.419333 0.013058 0.087134
0 0.830756 0.516678 0.034708 0.043567
3 0.875773 0.451327 0.020962 0.061266
8 0.756014 0.669843 0.052921 0.098026
0 0.742784 0.740300 0.028522 0.038802
6 0.574227 0.571477 0.017869 0.063308
6 0.570962 0.504425 0.021649 0.039483
6 0.879725 0.606535 0.019244 0.027229
6 0.956701 0.689244 0.027491 0.015657
8 0.990893 0.776378 0.017526 0.079646
8 0.896564 0.977876 0.035052 0.042886
6 0.686942 0.840368 0.019931 0.068754
6 0.600344 0.875766 0.023368 0.033356
6 0.696735 0.924779 0.031959 0.036079
6 0.797423 0.848877 0.025773 0.054459
3 0.775601 0.902655 0.018557 0.063989
1 0.834053 0.847894 0.018784 0.092257
6 0.822989 0.869047 0.008491 0.057087
6 0.881912 0.881025 0.014152 0.032112
6 0.930277 0.124263 0.011251 0.057013
6 0.898193 0.259280 0.033556 0.020214
1 0.810907 0.131606 0.019247 0.082274
0 0.794699 0.146990 0.014520 0.067559
6 0.424875 0.681077 0.014393 0.073749
6 0.427311 0.742310 0.015640 0.075882
6 0.304773 0.859835 0.010030 0.068248
6 0.319138 0.859218 0.024026 0.056911
1 0.432677 0.886574 0.030608 0.089887
6 0.100239 0.540214 0.018330 0.049925
6 0.224878 0.247357 0.016497 0.096674
6 0.226826 0.286390 0.010310 0.063995
8 0.372165 0.207284 0.028179 0.056501
8 0.193127 0.325732 0.054983 0.097345