8 0.323024 0.559224 0.019931 0.081007
8 0.310825 0.723622 0.014089 0.044929
8 0.428694 0.682777 0.040893 0.063989
8 0.942268 0.965963 0.115464 0.068074
8 0.668041 0.387679 0.019931 0.165419
8 0.146392 0.900272 0.055670 0.042886
8 0.071993 0.620830 0.034708 0.043567
8 0.498282 0.851940 0.007560 0.059224
8 0.410309 0.039823 0.010309 0.078285
8 0.551375 0.171886 0.193471 0.342410
8 0.753436 0.184139 0.097938 0.285228
8 0.866667 0.221579 0.146392 0.053778
8 0.970619 0.331178 0.058763 0.392784
8 0.995248 0.441203 0.009503 0.064213
8 0.990681 0.241559 0.018639 0.162283
8 0.598110 0.439415 0.042955 0.027910
8 0.928522 0.602110 0.027491 0.027910
8 0.125086 0.269571 0.006186 0.043567
8 0.169416 0.182777 0.032302 0.025187
8 0.188660 0.068414 0.044674 0.046971
8 0.256529 0.292035 0.021649 0.027229
8 0.470619 0.570116 0.028522 0.034717
8 0.025258 0.251872 0.012715 0.068074
8 0.034880 0.055820 0.009278 0.110279
8 0.676804 0.853982 0.019588 0.048332
1 0.829897 0.982982 0.023368 0.034037
1 0.692096 0.910143 0.013746 0.053097
8 0.813746 0.891763 0.010997 0.029952
1 0.735739 0.827093 0.010997 0.024506
1 0.642955 0.679714 0.013746 0.055140
8 0.622509 0.724983 0.024399 0.039483
1 0.730928 0.481961 0.016495 0.021784
1 0.484192 0.452689 0.018557 0.042206
1 0.587285 0.141593 0.013058 0.051736
1 0.391924 0.650102 0.011340 0.032675
1 0.270619 0.989789 0.022337 0.020422
1 0.212543 0.855003 0.025773 0.031314
1 0.484536 0.601770 0.013058 0.023145
1 0.068385 0.822668 0.029553 0.045609
1 0.146907 0.591899 0.027148 0.044248
1 0.126460 0.422396 0.018557 0.034717
1 0.202577 0.383594 0.016838 0.042886
1 0.252921 0.361130 0.014433 0.033356
1 0.177663 0.007828 0.013058 0.014295