4 0.317154 0.287899 0.025266 0.031914
4 0.964761 0.908245 0.034575 0.054522
4 0.316489 0.451795 0.025265 0.039229
4 0.874667 0.811170 0.025931 0.042554
4 0.376330 0.576130 0.027925 0.032580
4 0.336769 0.701130 0.033909 0.048538
4 0.355718 0.420546 0.022607 0.031250
4 0.391622 0.418883 0.029255 0.033246
4 0.775598 0.504655 0.023271 0.030585
4 0.714096 0.708112 0.019947 0.043882
4 0.307846 0.508643 0.023936 0.041223
4 0.905621 0.612034 0.021349 0.060505
4 0.933178 0.445479 0.028591 0.033246
4 0.919548 0.414229 0.029255 0.031915
4 0.786569 0.631982 0.017287 0.059176
4 0.154003 0.167553 0.024287 0.059840
4 0.351396 0.277593 0.027261 0.055186
4 0.849734 0.783910 0.021277 0.051861
4 0.853724 0.590425 0.017287 0.065160
4 0.321173 0.769614 0.022547 0.063165
4 0.852941 0.222526 0.017589 0.051197
4 0.372008 0.466423 0.031250 0.040559
8 0.893285 0.944814 0.013963 0.103723
4 0.926862 0.719083 0.026595 0.053856
4 0.345080 0.567154 0.031915 0.059840
4 0.345725 0.819847 0.019907 0.045877
4 0.361370 0.492021 0.020611 0.027926
4 0.164007 0.708777 0.019680 0.061170
4 0.778386 0.557513 0.021834 0.067153
8 0.792886 0.751330 0.009974 0.023935
4 0.387301 0.736702 0.016623 0.050532
4 0.388298 0.506982 0.017287 0.048536
4 0.870346 0.542221 0.015957 0.029921
4 0.600597 0.560970 0.030981 0.065383
4 0.914894 0.808178 0.018617 0.044547
4 0.363807 0.715758 0.018825 0.060505
4 0.826795 0.786902 0.019282 0.040559
4 0.367021 0.632314 0.023936 0.062501
4 0.302859 0.600066 0.020611 0.067155
4 0.267620 0.516623 0.017953 0.067819
4 0.904588 0.308511 0.016622 0.057181
4 0.112427 0.854857 0.021871 0.057153
4 0.893060 0.275266 0.023307 0.062501
4 0.877053 0.603834 0.025931 0.043884
4 0.366689 0.631981 0.023271 0.061835
4 0.345080 0.566489 0.031915 0.058511
4 0.775931 0.457262 0.025266 0.054152
4 0.330452 0.803524 0.019947 0.043218
4 0.904920 0.776928 0.019947 0.053856
4 0.714638 0.373005 0.026351 0.029255
3 0.872008 0.378657 0.019281 0.052527
4 0.722074 0.898937 0.021277 0.023937
4 0.872341 0.379655 0.019947 0.054522
4 0.694149 0.747008 0.023937 0.053857
4 0.371011 0.537567 0.022607 0.041889
4 0.286569 0.477394 0.015957 0.055852
4 0.905253 0.776596 0.020612 0.053192
4 0.371011 0.537567 0.022607 0.041889
4 0.440160 0.268285 0.010638 0.023272
8 0.887099 0.364489 0.015733 0.099353
8 0.983661 0.023085 0.022131 0.043528
8 0.943908 0.756996 0.017217 0.031408