8 0.091065 0.166440 0.067354 0.131382
1 0.036598 0.196052 0.023024 0.050374
1 0.132818 0.315180 0.010653 0.020422
1 0.198625 0.448264 0.013058 0.019741
1 0.133162 0.557182 0.014089 0.029272
1 0.196220 0.641933 0.017869 0.059905
1 0.362887 0.351600 0.024742 0.023826
1 0.324914 0.191329 0.022337 0.046206
1 0.345723 0.183103 0.049592 0.036696
8 0.364013 0.178368 0.059218 0.113006
8 0.344955 0.139269 0.030893 0.054834
8 0.354143 0.115905 0.014443 0.127310
8 0.337052 0.082159 0.029368 0.075077
8 0.446034 0.149323 0.050112 0.225451
8 0.463162 0.208332 0.044397 0.038336
8 0.506426 0.188465 0.014950 0.061918
8 0.522992 0.394083 0.013817 0.093779
8 0.597515 0.216628 0.157881 0.302410
8 0.610108 0.167722 0.035295 0.213572
8 0.749656 0.047651 0.084192 0.095303
8 0.661889 0.102340 0.037638 0.028358
8 0.645692 0.453430 0.111803 0.133834
8 0.610479 0.583123 0.033013 0.122935
8 0.617962 0.652638 0.024210 0.016965
8 0.609709 0.485979 0.101899 0.066120
8 0.540519 0.770458 0.023989 0.282926
8 0.582914 0.883678 0.066245 0.038363
8 0.560795 0.855560 0.014966 0.037926
8 0.575871 0.917900 0.063604 0.068442
8 0.416058 0.932684 0.034333 0.132962
8 0.489236 0.971265 0.160881 0.030516
8 0.463948 0.789913 0.036709 0.061903
8 0.466127 0.767898 0.025310 0.045774
8 0.271091 0.889319 0.052437 0.220001
8 0.023980 0.710587 0.047960 0.049455
8 0.669727 0.940521 0.073999 0.117596
8 0.854292 0.812923 0.015591 0.042720
8 0.479693 0.276279 0.024329 0.036142
8 0.452384 0.006899 0.060284 0.013797
8 0.343242 0.412739 0.028419 0.023394
8 0.315309 0.247383 0.031674 0.095705
1 0.478822 0.247475 0.010744 0.037922
1 0.556377 0.195430 0.020512 0.058430
8 0.573701 0.196577 0.015735 0.027905
1 0.577574 0.148562 0.027283 0.032928
1 0.590010 0.128845 0.007995 0.020641
1 0.737849 0.084392 0.027130 0.032039
1 0.948114 0.333432 0.008865 0.027052
1 0.856873 0.606195 0.016838 0.029272
1 0.670793 0.631442 0.010505 0.022344
1 0.604124 0.624575 0.016495 0.040163
1 0.494502 0.716133 0.021993 0.049013
1 0.522016 0.731450 0.014387 0.031995
1 0.435223 0.801906 0.018213 0.029952
8 0.437285 0.592240 0.019588 0.020422
8 0.525430 0.797481 0.008247 0.021103
1 0.665084 0.693396 0.011875 0.016884
1 0.599238 0.486656 0.017448 0.034914
1 0.556686 0.446061 0.009614 0.020730
1 0.330938 0.838173 0.007628 0.013900
1 0.312269 0.785291 0.017201 0.018131