1 0.737973 0.151804 0.017526 0.029952
1 0.592784 0.127978 0.010997 0.029952
1 0.915979 0.261743 0.016838 0.056501
1 0.690893 0.828795 0.025773 0.060585
1 0.906014 0.863853 0.018213 0.053097
8 0.950000 0.913206 0.024399 0.021103
8 0.240206 0.438053 0.019931 0.037440
8 0.074227 0.450647 0.015808 0.038121
8 0.045876 0.497277 0.018900 0.023826
8 0.140034 0.624575 0.024399 0.049694
8 0.115636 0.646358 0.061512 0.042886
1 0.066838 0.786930 0.013402 0.031314
1 0.053265 0.812457 0.011684 0.026549
1 0.105326 0.859769 0.018900 0.054459
1 0.071134 0.922737 0.020619 0.056501
1 0.252062 0.861470 0.016151 0.025187
1 0.335911 0.844452 0.019588 0.025187
1 0.444674 0.901974 0.010997 0.029952