8 0.862392 0.875271 0.060039 0.033067
8 0.891826 0.776069 0.047446 0.045830
1 0.858731 0.756055 0.012301 0.024365
1 0.812457 0.909788 0.011129 0.031327
1 0.756518 0.979113 0.008200 0.027265
1 0.721374 0.907177 0.011129 0.030747
1 0.680050 0.864828 0.013416 0.027265
1 0.757104 0.736041 0.009372 0.019144
1 0.691061 0.737201 0.009079 0.019144
8 0.919942 0.987234 0.060918 0.022625
8 0.796618 0.689418 0.018111 0.022199
8 0.814947 0.406834 0.069411 0.124146
1 0.718152 0.455855 0.016987 0.026106
1 0.693257 0.397842 0.008786 0.023785
1 0.964360 0.195925 0.013273 0.025526
1 0.930470 0.036682 0.026912 0.036548
8 0.541937 0.022828 0.028621 0.038749
8 0.373237 0.320838 0.033707 0.060805
8 0.544540 0.500571 0.018778 0.028018
8 0.520745 0.416815 0.006098 0.036960
1 0.450582 0.395652 0.012640 0.028018
1 0.431171 0.399825 0.016553 0.055440
1 0.448777 0.366442 0.016854 0.030403
1 0.365863 0.368230 0.014747 0.038749
1 0.402514 0.547828 0.008355 0.025781
1 0.391105 0.576792 0.011890 0.021325
1 0.452425 0.658908 0.016267 0.025780
8 0.270235 0.742283 0.064241 0.075269
1 0.390657 0.823434 0.015312 0.031737
1 0.281718 0.684473 0.021286 0.031283
1 0.274737 0.879653 0.009613 0.030830
1 0.338596 0.941313 0.014649 0.029016
1 0.413812 0.881920 0.015846 0.019042
8 0.341229 0.973569 0.048753 0.012827
8 0.072193 0.780413 0.092188 0.087901
8 0.170985 0.574874 0.017170 0.042381
8 0.215758 0.494036 0.032755 0.095227
8 0.064665 0.522290 0.017962 0.051276
8 0.018552 0.567810 0.036417 0.118248
1 0.090034 0.602451 0.019244 0.032675
1 0.095533 0.546971 0.011684 0.034717
1 0.191581 0.468005 0.023024 0.042886
1 0.065636 0.285865 0.011684 0.020334
1 0.065292 0.234513 0.014433 0.029272
1 0.023024 0.060926 0.014433 0.025187
1 0.082990 0.007148 0.012027 0.012934
1 0.201203 0.116065 0.009966 0.029272
1 0.461856 0.007828 0.013746 0.014295
8 0.525430 0.948604 0.028179 0.102791