1 0.368557 0.891423 0.043643 0.044248
1 0.634021 0.947924 0.017869 0.019741
1 0.269072 0.374064 0.028179 0.037440
1 0.660997 0.530293 0.018900 0.039483
1 0.633849 0.724983 0.021649 0.035398
1 0.950859 0.889721 0.013746 0.032675
1 0.954811 0.928863 0.012027 0.037440
1 0.981443 0.893465 0.015120 0.030633
1 0.896735 0.799183 0.022337 0.027229
1 0.752921 0.990129 0.013746 0.019741
1 0.734708 0.924438 0.015808 0.023145
1 0.716667 0.946903 0.019588 0.032675
1 0.673024 0.779101 0.013402 0.027910
8 0.849828 0.571137 0.020619 0.168822
8 0.774399 0.184820 0.053952 0.075562
1 0.899313 0.280803 0.017869 0.030633
1 0.870103 0.271660 0.023368 0.020516
1 0.830366 0.248809 0.016745 0.026549
1 0.773711 0.233152 0.019588 0.031995
1 0.706873 0.191967 0.015120 0.032675
1 0.680584 0.086113 0.028522 0.036079
1 0.637801 0.085432 0.027491 0.037440
8 0.356529 0.018039 0.099313 0.034717
1 0.386598 0.178353 0.017869 0.036760
8 0.377096 0.251872 0.082714 0.100749
1 0.318459 0.144071 0.014155 0.025882
8 0.389347 0.147379 0.024742 0.022464
1 0.311684 0.240640 0.016495 0.027910
8 0.285911 0.302246 0.015120 0.019061
8 0.174570 0.157931 0.016495 0.138870
1 0.186426 0.010548 0.016151 0.019734
1 0.495704 0.095984 0.010653 0.021784
1 0.544502 0.293057 0.014777 0.021103
1 0.052234 0.069435 0.019244 0.049013
1 0.031787 0.044248 0.025086 0.040844
8 0.302234 0.455752 0.018213 0.053778
1 0.430584 0.791695 0.013058 0.027229
1 0.319588 0.661334 0.009622 0.018380
1 0.239175 0.657590 0.013058 0.031314
1 0.075601 0.747788 0.015120 0.027910
8 0.537113 0.809735 0.072852 0.157250
8 0.537285 0.901558 0.053952 0.053931
8 0.575258 0.853302 0.010997 0.049694
8 0.128694 0.975834 0.043643 0.044248