8 0.076302 0.925683 0.019271 0.146448
8 0.413542 0.951913 0.012500 0.093989
8 0.652530 0.587197 0.096726 0.321936
8 0.914844 0.460656 0.086979 0.106011
8 0.492708 0.339344 0.013542 0.062295
8 0.072135 0.230055 0.029688 0.130055
3 0.195833 0.331148 0.017708 0.065574
3 0.175000 0.521858 0.031250 0.060109
3 0.148698 0.468306 0.015104 0.066667
3 0.308408 0.487042 0.018601 0.068540
3 0.245573 0.632240 0.016146 0.064481
3 0.385677 0.624590 0.033854 0.040437
3 0.142969 0.939891 0.027604 0.059016
3 0.552344 0.839891 0.022396 0.066667
3 0.563281 0.913115 0.023438 0.051366
3 0.686719 0.871038 0.025521 0.067760
3 0.756510 0.880328 0.018229 0.062295
3 0.733594 0.857923 0.020313 0.065574
3 0.786719 0.653005 0.023438 0.055738
3 0.869010 0.502732 0.032813 0.054645
3 0.992969 0.555738 0.013021 0.073224
3 0.610677 0.567213 0.040104 0.045902
3 0.875260 0.100000 0.035938 0.038251
3 0.957552 0.072678 0.033854 0.038251
3 0.990625 0.016940 0.017708 0.033880
3 0.841667 0.035519 0.016667 0.071038
3 0.709896 0.011475 0.027083 0.022951
3 0.546875 0.624044 0.013542 0.065574
3 0.398698 0.381967 0.014062 0.055738
3 0.467448 0.249180 0.025521 0.048087
3 0.500000 0.101639 0.029167 0.043716
3 0.425781 0.085792 0.026563 0.042623
3 0.418229 0.111475 0.028125 0.050273
3 0.247396 0.083060 0.034375 0.039344
3 0.165365 0.019672 0.016146 0.039344
8 0.243750 0.007104 0.023958 0.014208
8 0.370573 0.894536 0.020313 0.046995
8 0.661979 0.029508 0.015625 0.050273
8 0.727083 0.086885 0.015625 0.049180
8 0.427083 0.489071 0.045833 0.090710
8 0.574479 0.518579 0.037500 0.154098