0 0.028179 0.074541 0.037113 0.026549
0 0.064948 0.160940 0.014433 0.076816
0 0.127237 0.101145 0.017691 0.063421
1 0.179381 0.074829 0.035739 0.070694
1 0.193643 0.239278 0.024399 0.072839
6 0.170331 0.225088 0.009391 0.053568
6 0.046264 0.159923 0.017692 0.066609
3 0.025945 0.285228 0.021649 0.049013
6 0.063509 0.274174 0.013663 0.037797
3 0.036598 0.473792 0.021649 0.061266
1 0.044502 0.593941 0.020962 0.060585
6 0.044423 0.531995 0.009121 0.048332
6 0.055377 0.666495 0.023267 0.069512
6 0.194158 0.627297 0.027491 0.051055
0 0.039990 0.735194 0.015374 0.068074
0 0.155670 0.731450 0.019244 0.071477
3 0.178351 0.815861 0.030241 0.042886
8 0.021134 0.817223 0.023711 0.072839
1 0.364261 0.770933 0.079725 0.060585
3 0.469244 0.921514 0.032646 0.030356
1 0.469135 0.893091 0.019682 0.029476
1 0.359794 0.678657 0.024742 0.053679
6 0.344340 0.684325 0.006396 0.056679
6 0.322852 0.535171 0.016151 0.046516
6 0.334192 0.581749 0.036082 0.017436
6 0.331787 0.186521 0.019588 0.072158
6 0.340722 0.138530 0.009966 0.055140
6 0.350172 0.186862 0.010309 0.066031
6 0.311168 0.116406 0.016838 0.035398
6 0.273368 0.141253 0.014777 0.040163
6 0.355149 0.095404 0.042279 0.036557
6 0.357560 0.337429 0.016838 0.061698
6 0.315120 0.339006 0.021993 0.051736
6 0.304372 0.375016 0.034574 0.015114
6 0.434296 0.347219 0.031751 0.082896
3 0.334708 0.443839 0.026804 0.036760
2 0.405155 0.550715 0.017182 0.080327
6 0.318729 0.477536 0.018900 0.056501
3 0.491581 0.569095 0.015464 0.054459
2 0.534364 0.457114 0.019244 0.040163
3 0.484708 0.044929 0.020962 0.057182
0 0.737128 0.069099 0.019274 0.053786
6 0.770553 0.075631 0.034577 0.017837
0 0.708419 0.181416 0.032646 0.040163
8 0.698625 0.122873 0.037801 0.067393
6 0.619416 0.265146 0.020962 0.083730
8 0.619072 0.332539 0.038832 0.095984
0 0.646564 0.354663 0.016151 0.065351
3 0.800575 0.355684 0.022218 0.067393
6 0.754124 0.369977 0.030584 0.055133
6 0.813230 0.278080 0.027835 0.066031
6 0.593299 0.404357 0.023711 0.038121
2 0.651203 0.495575 0.037801 0.051736
6 0.802234 0.443294 0.027148 0.020151
6 0.844564 0.430548 0.010089 0.068788
6 0.786333 0.574672 0.014276 0.054722
6 0.744330 0.606875 0.030928 0.046971
6 0.890206 0.570456 0.025773 0.040844
0 0.829038 0.599728 0.026460 0.028591
3 0.904467 0.372362 0.034364 0.039483
6 0.949381 0.385129 0.015601 0.063654
6 0.979897 0.371341 0.021649 0.018380
6 0.810253 0.188623 0.009510 0.063871
6 0.668659 0.387679 0.011545 0.049694
6 0.615979 0.514295 0.015464 0.087815
6 0.778970 0.671011 0.026668 0.052710
1 0.746665 0.794078 0.042472 0.041525
1 0.967010 0.787951 0.035052 0.037440
0 0.991394 0.724622 0.015091 0.055098
1 0.959622 0.009530 0.031271 0.019061