8 0.568834 0.044341 0.014358 0.086994
3 0.631334 0.237753 0.031250 0.036317
8 0.633868 0.138935 0.068412 0.071790
3 0.640203 0.374156 0.027027 0.047297
3 0.863176 0.826013 0.016892 0.064189
3 0.763936 0.372466 0.029561 0.037163
3 0.184122 0.171030 0.033784 0.039696
3 0.300676 0.771115 0.023648 0.057432
3 0.307010 0.049831 0.031250 0.032094
8 0.553209 0.185388 0.025338 0.105575
3 0.113598 0.307854 0.016047 0.063345
3 0.179899 0.122888 0.016892 0.061656
3 0.109797 0.465794 0.021959 0.051521
3 0.183699 0.700591 0.021115 0.051521
3 0.414274 0.377534 0.027871 0.040541
8 0.221706 0.371622 0.049831 0.062501
3 0.243243 0.269848 0.032095 0.031250
3 0.181588 0.356841 0.027027 0.046453
3 0.153716 0.179476 0.016892 0.063344
3 0.297297 0.307010 0.015203 0.061656
8 0.257179 0.665540 0.014358 0.028716
3 0.283361 0.529139 0.027872 0.026182
3 0.867399 0.574324 0.033784 0.038852
3 0.602196 0.266892 0.025338 0.043920
3 0.722551 0.425676 0.026182 0.038852
3 0.100507 0.380068 0.016892 0.057433
3 0.567567 0.813344 0.028716 0.040541
3 0.068835 0.243666 0.016047 0.054899
3 0.225084 0.210726 0.026182 0.049832
3 0.905405 0.221284 0.030406 0.033784
3 0.262247 0.706503 0.034629 0.031250
3 0.077280 0.740287 0.031250 0.049832
8 0.174409 0.241976 0.017736 0.049832
3 0.280828 0.111909 0.024493 0.049831
3 0.416808 0.073057 0.027871 0.049831
8 0.172720 0.846706 0.024493 0.051521
8 0.096284 0.652027 0.057432 0.033783
3 0.326014 0.437500 0.032095 0.038852
3 0.225507 0.980890 0.016892 0.036104
3 0.891470 0.375844 0.034629 0.035473
3 0.377111 0.775338 0.027872 0.030405
3 0.225084 0.114865 0.027872 0.033784
3 0.436655 0.740287 0.023648 0.054898
3 0.940456 0.955237 0.026182 0.048987
8 0.219595 0.438767 0.011824 0.032939
8 0.658784 0.581081 0.040541 0.018581
3 0.851351 0.225507 0.030406 0.033784
3 0.195524 0.654983 0.024493 0.059966
8 0.354730 0.216639 0.077703 0.021114
3 0.650760 0.795186 0.029561 0.034629
8 0.237331 0.722551 0.010135 0.021114
3 0.798142 0.415963 0.016892 0.073479
3 0.315878 0.500422 0.035473 0.038006
3 0.072213 0.941301 0.022804 0.061655
3 0.408361 0.948479 0.019426 0.072635
3 0.124155 0.527871 0.032094 0.030405
3 0.184966 0.414696 0.021959 0.060811
3 0.927365 0.546875 0.032094 0.032940
3 0.625845 0.289274 0.016892 0.056587
8 0.879223 0.213683 0.020270 0.138514
3 0.418919 0.133024 0.025338 0.029561
3 0.065456 0.618666 0.027871 0.058277
3 0.112331 0.866976 0.021959 0.053210
3 0.427787 0.524494 0.019426 0.064189
3 0.381334 0.729307 0.027872 0.046452
3 0.066723 0.874156 0.020270 0.047297
3 0.456081 0.540119 0.015203 0.073479
3 0.031250 0.947213 0.028717 0.043074
3 0.960304 0.149494 0.030405 0.030405
8 0.401605 0.228463 0.147804 0.173142
3 0.833192 0.101774 0.021115 0.070102
3 0.690878 0.470861 0.025338 0.058277
3 0.201014 0.876689 0.027027 0.045608
3 0.599240 0.378801 0.029561 0.044763
3 0.051520 0.113176 0.028716 0.025338
3 0.744933 0.353463 0.023648 0.041385
3 0.297297 0.077703 0.028716 0.027026
3 0.350507 0.805743 0.013514 0.062501
3 0.108530 0.810811 0.017736 0.060811
3 0.237753 0.429898 0.014358 0.069257
3 0.894426 0.774493 0.020270 0.060811
3 0.619932 0.337838 0.030405 0.035473
8 0.063767 0.685389 0.119088 0.043074
3 0.600929 0.786318 0.019426 0.077703
3 0.801098 0.934122 0.021115 0.059122
3 0.579392 0.160051 0.015203 0.070102
3 0.535051 0.152027 0.016047 0.074325
8 0.532517 0.043496 0.016047 0.036317
3 0.785473 0.206926 0.010135 0.037162
3 0.350084 0.806166 0.014358 0.061656
3 0.173986 0.241554 0.018581 0.050676
3 0.903716 0.475085 0.028716 0.038006
3 0.153294 0.179899 0.014358 0.064189
3 0.690456 0.470439 0.024493 0.059122
3 0.619510 0.338683 0.031250 0.035473
3 0.927787 0.888091 0.019426 0.058277
8 0.779561 0.402449 0.010135 0.027872
3 0.713260 0.171875 0.021115 0.053210
8 0.039844 0.074074 0.016146 0.048677
3 0.049346 0.133579 0.023802 0.015924
3 0.047168 0.153631 0.031059 0.041873
3 0.240923 0.185477 0.030768 0.035975
8 0.512470 0.382750 0.086210 0.132105
8 0.545996 0.354147 0.024963 0.050128
8 0.530466 0.461481 0.128009 0.116182
3 0.556010 0.328197 0.017126 0.071360
3 0.554994 0.497457 0.020319 0.066642
3 0.544690 0.555842 0.033961 0.032437
3 0.578361 0.605086 0.015965 0.057796
3 0.553398 0.660818 0.019448 0.067822
3 0.692146 0.566752 0.015384 0.068411
3 0.573716 0.727165 0.027576 0.062514
3 0.597809 0.707703 0.018868 0.066052
3 0.440735 0.610507 0.030799 0.035013
3 0.398546 0.506485 0.023020 0.060352
3 0.387661 0.289763 0.028345 0.041950
3 0.391336 0.317849 0.032895 0.048349
3 0.046450 0.410688 0.038099 0.034810
3 0.073427 0.423937 0.025059 0.060267
3 0.057573 0.458486 0.021479 0.058707
3 0.042998 0.460585 0.024547 0.060826
3 0.034943 0.483424 0.026337 0.055590
3 0.045427 0.541067 0.016109 0.060734
8 0.262718 0.546004 0.031632 0.024720
8 0.084104 0.709696 0.032833 0.033129
3 0.092317 0.841622 0.020237 0.059429
3 0.087320 0.885514 0.034228 0.039596
3 0.138538 0.872570 0.031230 0.050255
3 0.142535 0.824260 0.020237 0.070392
3 0.188381 0.908612 0.038476 0.042133
3 0.269704 0.848203 0.021736 0.069545
3 0.294438 0.858102 0.029231 0.036549
3 0.372888 0.826122 0.022735 0.047716
3 0.379009 0.887798 0.021486 0.074621
3 0.966532 0.067233 0.022246 0.067001
3 0.978963 0.082102 0.021461 0.071216
3 0.807147 0.120941 0.023816 0.049985
3 0.785817 0.088238 0.037687 0.037756
3 0.721435 0.232610 0.026695 0.060620
3 0.697618 0.272226 0.023031 0.069660
3 0.705601 0.224899 0.029574 0.042008
8 0.739885 0.231546 0.014918 0.128686
3 0.667372 0.374241 0.027581 0.047115
3 0.689798 0.400438 0.022426 0.070180
3 0.548412 0.411437 0.028870 0.040852
8 0.566858 0.896986 0.154894 0.164588
8 0.541946 0.693833 0.069821 0.339507
3 0.645492 0.669730 0.027454 0.054404
3 0.643797 0.838451 0.020675 0.040631
3 0.662438 0.831220 0.025420 0.056470
3 0.643119 0.893199 0.017286 0.060601
8 0.672437 0.822406 0.041350 0.161424
3 0.676504 0.920746 0.016269 0.066111
3 0.695315 0.894921 0.024742 0.058535
3 0.720566 0.857871 0.033894 0.040906
3 0.749545 0.843616 0.031521 0.050961
3 0.775304 0.809183 0.017964 0.074375
8 0.743275 0.595699 0.029827 0.353969
3 0.809537 0.859454 0.027454 0.057847
8 0.825298 0.873917 0.017624 0.128090
8 0.824281 0.766142 0.116594 0.263754
3 0.846312 0.690734 0.015591 0.068866
3 0.890373 0.825711 0.023048 0.068867
3 0.876308 0.702786 0.020675 0.068177
3 0.936130 0.838450 0.026437 0.050272
8 0.869698 0.789212 0.027115 0.304386
8 0.897152 0.894232 0.032538 0.116383