4 0.341000 0.142008 0.020667 0.062087
4 0.270333 0.212371 0.024667 0.054860
4 0.248667 0.181942 0.029333 0.038917
4 0.152928 0.132761 0.023477 0.051519
4 0.118091 0.127019 0.034484 0.045320
4 0.103667 0.222589 0.027333 0.048877
4 0.149962 0.443944 0.029410 0.076015
4 0.197346 0.402350 0.025307 0.038518
4 0.295178 0.326336 0.021645 0.071431
4 0.307667 0.410108 0.020667 0.056930
4 0.288000 0.490753 0.033333 0.038309
4 0.191889 0.531704 0.029111 0.048877
4 0.114062 0.559662 0.035333 0.039441
4 0.290667 0.533025 0.026667 0.035667
4 0.280000 0.588507 0.034667 0.040951
4 0.303537 0.642008 0.020961 0.047556
4 0.297333 0.674373 0.026667 0.035667
4 0.129000 0.734004 0.031333 0.041324
4 0.166391 0.774769 0.020783 0.059445
4 0.609667 0.174373 0.026000 0.058124
4 0.633333 0.167768 0.018667 0.058124
4 0.654333 0.175694 0.020667 0.058124
4 0.766667 0.169749 0.030667 0.040951
4 0.740333 0.229855 0.019333 0.055482
4 0.785018 0.206077 0.033963 0.047556
4 0.836667 0.138045 0.024000 0.030383
4 0.795075 0.276104 0.027183 0.044942
4 0.751667 0.414049 0.023333 0.035495
4 0.724333 0.476222 0.023333 0.067371
4 0.792013 0.453765 0.024026 0.062087
4 0.581667 0.702774 0.031333 0.034346
4 0.700272 0.685601 0.023211 0.066050
4 0.720877 0.684941 0.019580 0.067371
4 0.757000 0.625495 0.019333 0.059445
4 0.765862 0.586050 0.028079 0.059815
4 0.791667 0.568692 0.031333 0.035667