4 0.057333 0.111625 0.022667 0.030383
8 0.077034 0.116889 0.024521 0.021086
4 0.122798 0.181791 0.029070 0.054466
4 0.110793 0.235404 0.028253 0.048086
4 0.137434 0.249801 0.017535 0.050461
4 0.158695 0.221400 0.024057 0.063258
4 0.133333 0.299207 0.034667 0.043593
4 0.208883 0.326948 0.021765 0.064729
4 0.230000 0.226048 0.017333 0.055795
4 0.261333 0.247070 0.030667 0.059590
4 0.269677 0.187583 0.026021 0.052840
4 0.233333 0.409511 0.018667 0.047556
4 0.314667 0.361955 0.026667 0.066050
4 0.421000 0.394935 0.018000 0.055392
4 0.156333 0.641347 0.016667 0.051519
4 0.676333 0.058124 0.022000 0.058124
4 0.683330 0.097094 0.024007 0.048877
4 0.653000 0.110366 0.031333 0.039210
4 0.657333 0.151255 0.033333 0.040951
4 0.991333 0.101769 0.016000 0.047659
4 0.932667 0.310436 0.017333 0.036988
4 0.788667 0.559445 0.018667 0.067371
4 0.817667 0.630119 0.019333 0.066050
4 0.971000 0.598415 0.031333 0.052840
4 0.747667 0.794584 0.020667 0.056803
4 0.767414 0.827609 0.030828 0.067371
8 0.013000 0.824468 0.026000 0.089506