1 0.088832 0.094622 0.024399 0.029952
1 0.401203 0.206263 0.017526 0.043567
1 0.039347 0.290674 0.038144 0.057182
1 0.035206 0.647039 0.027183 0.068754
1 0.038901 0.205174 0.017869 0.021784
1 0.087801 0.232131 0.007904 0.031314
1 0.029210 0.385296 0.009622 0.019061
1 0.163918 0.638189 0.008935 0.017018
1 0.339691 0.746767 0.009966 0.019061
1 0.407560 0.843431 0.013746 0.046290
1 0.394674 0.882914 0.012715 0.036760
1 0.628694 0.279442 0.016151 0.055140
1 0.700687 0.183458 0.012371 0.033356
1 0.792612 0.086453 0.014777 0.034037
1 0.576289 0.314840 0.012371 0.027910
1 0.746392 0.522124 0.021993 0.039483
1 0.794674 0.439415 0.010653 0.017018
1 0.566667 0.677332 0.022680 0.039483
1 0.650000 0.856365 0.012715 0.027229
1 0.534364 0.874745 0.009622 0.017699
8 0.163818 0.048157 0.012264 0.096313
8 0.137287 0.058383 0.134409 0.066935
8 0.185719 0.107717 0.026031 0.047598
8 0.111250 0.230606 0.010893 0.053464
8 0.124176 0.170861 0.029916 0.136882
8 0.302874 0.142510 0.095289 0.061982
8 0.360101 0.186998 0.033468 0.093261
8 0.389505 0.051148 0.020579 0.025126
8 0.085680 0.510095 0.072502 0.201511
8 0.129575 0.301367 0.037457 0.074881
8 0.225773 0.371001 0.028179 0.103472
8 0.280756 0.318244 0.015120 0.025187
8 0.173024 0.499319 0.032646 0.031995
8 0.428179 0.625255 0.014433 0.038802
8 0.173711 0.739619 0.075258 0.100068
8 0.032131 0.587474 0.022337 0.035398
8 0.012371 0.745065 0.017869 0.018380
8 0.086426 0.823690 0.018213 0.036760
8 0.025086 0.928523 0.025430 0.023145
8 0.076289 0.908101 0.007560 0.029952
8 0.318213 0.826413 0.015808 0.110279
8 0.438832 0.847515 0.028866 0.077604
8 0.880928 0.194010 0.047766 0.035398
8 0.847079 0.212049 0.010309 0.076923
8 0.700000 0.437032 0.075601 0.069435
8 0.759966 0.441116 0.094502 0.130701
8 0.863574 0.389040 0.022680 0.041525
8 0.651546 0.689925 0.015808 0.121852
8 0.581787 0.650442 0.027491 0.124575
8 0.534192 0.529952 0.019588 0.089176
8 0.600515 0.908441 0.034021 0.023826
8 0.684880 0.878489 0.025430 0.038802
8 0.750687 0.922056 0.031271 0.017018
8 0.705326 0.924438 0.031271 0.020422
8 0.927663 0.618108 0.044330 0.053097
8 0.925258 0.910483 0.126117 0.177672
8 0.523024 0.094622 0.012371 0.111641