2 0.644573 0.921035 0.024256 0.062628
3 0.687629 0.839006 0.021306 0.042886
6 0.791753 0.895167 0.030241 0.034037
6 0.818213 0.772634 0.026117 0.053097
6 0.822852 0.698775 0.015464 0.076923
6 0.849313 0.753914 0.009278 0.066031
6 0.808076 0.603131 0.012715 0.073519
8 0.762027 0.703880 0.027835 0.073519
6 0.630241 0.699455 0.027491 0.041525
3 0.583505 0.740640 0.031615 0.044929
3 0.569244 0.711368 0.031959 0.027229
6 0.537801 0.811096 0.009622 0.071477
0 0.682131 0.595643 0.024055 0.069435
1 0.656014 0.583050 0.026117 0.056501
0 0.732646 0.508509 0.023368 0.066712
6 0.815120 0.492512 0.031615 0.030633
1 0.964089 0.624575 0.025086 0.040163
0 0.812371 0.366576 0.022680 0.064670
0 0.886598 0.405378 0.034364 0.033356
0 0.927663 0.399251 0.018900 0.075562
6 0.526632 0.390402 0.019588 0.052417
3 0.556357 0.370320 0.023368 0.076242
3 0.596564 0.314159 0.024055 0.061947
1 0.527316 0.508727 0.041573 0.103037
1 0.625773 0.159632 0.027491 0.060585
1 0.602207 0.151804 0.023657 0.091219
3 0.832831 0.250167 0.033359 0.038809
3 0.823883 0.205582 0.027148 0.049013
1 0.719759 0.089091 0.028522 0.106365
6 0.499828 0.973451 0.020962 0.053097
6 0.452234 0.921375 0.037801 0.030633
6 0.441924 0.846154 0.026804 0.062628
6 0.427663 0.781824 0.015464 0.034717
1 0.275430 0.760381 0.058763 0.054459
8 0.283677 0.691967 0.027148 0.113683
0 0.184880 0.724983 0.024742 0.039483
6 0.146735 0.817903 0.022680 0.042886
6 0.110997 0.904357 0.039863 0.029272
2 0.107560 0.452008 0.028866 0.065351
0 0.159107 0.416950 0.035052 0.036079
6 0.242784 0.421375 0.022337 0.040844
6 0.257904 0.305310 0.023711 0.064670
6 0.041924 0.286590 0.017182 0.081688
6 0.474227 0.343771 0.008935 0.085773
8 0.452062 0.362151 0.020275 0.040844
1 0.376804 0.246767 0.043643 0.038802
3 0.198110 0.132063 0.025086 0.058543
2 0.418213 0.070796 0.030241 0.046290
6 0.040378 0.109598 0.016838 0.058543
6 0.154983 0.204221 0.010309 0.043567
6 0.337949 0.729706 0.006098 0.063645
6 0.324737 0.683623 0.017617 0.078857
6 0.649515 0.237174 0.009200 0.073292
6 0.655102 0.185044 0.011707 0.061539
6 0.922001 0.502113 0.019489 0.069049
6 0.911742 0.554283 0.023353 0.072196
6 0.924920 0.673971 0.028246 0.012925
6 0.944506 0.891968 0.027243 0.013192
6 0.622439 0.848896 0.006861 0.041774
0 0.740000 0.097921 0.030209 0.041067
0 0.511900 0.914381 0.013356 0.058728
3 0.493889 0.913412 0.029140 0.037147
0 0.294722 0.026965 0.024707 0.052568
0 0.259748 0.119451 0.025115 0.048780
0 0.854296 0.211709 0.020619 0.053097