8 0.217354 0.885636 0.088316 0.228727
8 0.230928 0.775017 0.056357 0.247107
8 0.143471 0.657931 0.027148 0.025187
8 0.205842 0.755616 0.036426 0.025868
8 0.301203 0.676991 0.047079 0.083730
8 0.218557 0.432607 0.016495 0.059224
8 0.329038 0.342069 0.034021 0.025187
8 0.355155 0.345133 0.016151 0.027229
8 0.437629 0.365895 0.023711 0.018380
8 0.392096 0.668142 0.080412 0.375085
8 0.406014 0.450987 0.006529 0.025187
8 0.373711 0.170865 0.040206 0.024506
8 0.410653 0.080667 0.043299 0.076923
8 0.407216 0.100749 0.020619 0.023145
8 0.140800 0.048449 0.029897 0.042886
8 0.061168 0.069095 0.035739 0.091899
8 0.427320 0.639551 0.071821 0.052417
8 0.483531 0.671982 0.019931 0.196732
8 0.556479 0.721294 0.123311 0.172566
8 0.452023 0.600814 0.063326 0.071547
8 0.609146 0.558130 0.200800 0.163534
8 0.634880 0.685841 0.026460 0.015657
8 0.637285 0.746767 0.025086 0.061266
8 0.737801 0.634786 0.021993 0.070116
8 0.663918 0.894486 0.061168 0.050374
8 0.778179 0.819265 0.020962 0.018380
8 0.820619 0.825732 0.047423 0.078965
8 0.701546 0.909803 0.007904 0.052417
8 0.558935 0.902655 0.035395 0.027229
8 0.969072 0.860760 0.061856 0.081007
8 0.924055 0.965963 0.025430 0.062628
8 0.781085 0.712296 0.058763 0.051736
8 0.827835 0.674609 0.058419 0.091219
8 0.968041 0.565351 0.029553 0.055140
8 0.962543 0.172566 0.040550 0.041525
8 0.887906 0.207256 0.076421 0.042831
8 0.853208 0.104790 0.033314 0.208218
8 0.892116 0.440426 0.040195 0.394028
8 0.721930 0.113099 0.239402 0.149056
8 0.733849 0.190606 0.009966 0.042206
8 0.568213 0.099047 0.007216 0.100068
8 0.416838 0.832539 0.021993 0.032675
8 0.491409 0.982301 0.029553 0.024506
8 0.517182 0.823009 0.016495 0.010892
8 0.017869 0.155548 0.024055 0.056501
1 0.715636 0.782165 0.017526 0.034037
1 0.874742 0.896869 0.009966 0.017018
1 0.682302 0.599728 0.024399 0.108918
1 0.594330 0.869299 0.023711 0.029952
1 0.457388 0.871341 0.020619 0.035398
1 0.432990 0.863853 0.023368 0.044929
1 0.454639 0.821307 0.014433 0.023826
1 0.932302 0.406739 0.015808 0.042886
1 0.934536 0.204561 0.021649 0.078285
1 0.959278 0.317563 0.010653 0.018380
1 0.872680 0.237835 0.018213 0.037604
1 0.755842 0.190265 0.040206 0.030633
1 0.602921 0.202519 0.016151 0.041525
1 0.585739 0.250851 0.019588 0.031995
1 0.247251 0.874745 0.025773 0.027229
1 0.423711 0.795439 0.013058 0.038802
1 0.457732 0.712730 0.011684 0.028591
1 0.143471 0.853302 0.018213 0.098707
1 0.102577 0.878148 0.020962 0.040844
1 0.113918 0.809054 0.013402 0.045609
1 0.134021 0.691627 0.014433 0.027229
1 0.459278 0.596664 0.014777 0.031995
1 0.189863 0.457114 0.009278 0.019741
1 0.141753 0.437032 0.009966 0.044929
1 0.377320 0.401634 0.017182 0.027229
1 0.229210 0.221579 0.026804 0.037440
1 0.171649 0.117427 0.021649 0.021103
1 0.096735 0.094963 0.009966 0.018380