2 0.860997 0.888359 0.023024 0.069435
1 0.944502 0.697073 0.038832 0.028591
3 0.955138 0.613405 0.022990 0.068198
3 0.936770 0.655548 0.030241 0.035398
3 0.933006 0.628659 0.023400 0.037440
3 0.919304 0.536665 0.027372 0.060396
1 0.881787 0.549013 0.028866 0.041525
6 0.914675 0.564975 0.033367 0.040792
6 0.842784 0.653547 0.025773 0.060056
6 0.915039 0.738497 0.032827 0.068683
6 0.770844 0.900129 0.030510 0.035004
0 0.994114 0.956093 0.011773 0.068754
8 0.650687 0.861130 0.026460 0.054459
6 0.547756 0.706060 0.016515 0.068661
6 0.538256 0.641923 0.017868 0.057749
6 0.684391 0.645062 0.023765 0.048462
6 0.631100 0.646839 0.008591 0.054739
1 0.705964 0.546510 0.019000 0.095543
1 0.920103 0.239278 0.040206 0.120490
1 0.976632 0.216814 0.035052 0.046971
0 0.984615 0.294079 0.019087 0.069432
0 0.924399 0.317223 0.038488 0.027229
8 0.949485 0.184479 0.022680 0.076242
6 0.963346 0.092479 0.011627 0.094860
6 0.892784 0.082555 0.010997 0.067084
6 0.907896 0.097263 0.018572 0.045092
6 0.805054 0.140354 0.025916 0.033791
1 0.752749 0.052076 0.032646 0.056501
2 0.790893 0.247107 0.033333 0.029952
2 0.746564 0.264125 0.033333 0.043567
6 0.775280 0.265139 0.040271 0.017003
6 0.786833 0.198515 0.017400 0.063147
6 0.687283 0.168228 0.017177 0.088668
6 0.708763 0.189611 0.012715 0.029219
6 0.706358 0.117332 0.009900 0.048862
6 0.764605 0.526424 0.029553 0.029521
3 0.796907 0.431926 0.024055 0.061947
6 0.732959 0.406828 0.021368 0.075383
6 0.755662 0.435421 0.017650 0.049822
6 0.753088 0.429594 0.023386 0.041082
8 0.754811 0.377808 0.028522 0.055820
8 0.772852 0.697754 0.012371 0.049013
8 0.838316 0.731450 0.021649 0.037440
6 0.544637 0.101423 0.035789 0.015379
0 0.620103 0.347856 0.034021 0.043567
2 0.589003 0.347856 0.028179 0.073519
6 0.548992 0.361469 0.026321 0.037511
6 0.555756 0.325732 0.024913 0.031995
8 0.494330 0.017699 0.054639 0.025868
0 0.487973 0.876106 0.030241 0.029952
6 0.429038 0.982301 0.013402 0.035398
6 0.416151 0.852724 0.010997 0.071270
8 0.381443 0.839006 0.018557 0.025187
6 0.295055 0.852961 0.044254 0.029952
0 0.394330 0.743703 0.018900 0.052417
1 0.364610 0.952250 0.017859 0.069632
3 0.333505 0.937977 0.016838 0.062781
0 0.260481 0.883935 0.028179 0.027910
0 0.481006 0.705118 0.022868 0.069682
3 0.274914 0.677246 0.031615 0.028773
3 0.264777 0.649081 0.013402 0.027910
6 0.391683 0.447351 0.030789 0.017483
6 0.414089 0.237236 0.012371 0.095984
6 0.402828 0.252239 0.014431 0.079287
6 0.374239 0.222170 0.041386 0.026698
8 0.304639 0.708986 0.021649 0.040163
6 0.107180 0.802908 0.022608 0.030697
6 0.261657 0.558935 0.019642 0.073296
6 0.184734 0.545663 0.025000 0.056259
6 0.189043 0.471041 0.016416 0.046233
6 0.247595 0.378437 0.024399 0.051839
2 0.302405 0.315861 0.014433 0.059905
2 0.188488 0.144997 0.031271 0.047651
1 0.219931 0.052376 0.032990 0.081769
6 0.206852 0.096267 0.034913 0.018266
1 0.073711 0.554799 0.029210 0.106195
1 0.045179 0.564968 0.014757 0.070711
3 0.054927 0.635126 0.016606 0.053097
6 0.232992 0.214956 0.010252 0.098101
6 0.228733 0.224087 0.016245 0.132296
8 0.426289 0.332880 0.016151 0.031314
8 0.274399 0.152825 0.012027 0.044248
3 0.247321 0.939275 0.030412 0.039204