6 0.947384 0.899822 0.049827 0.098214
6 0.946454 0.919710 0.022187 0.041741
6 0.960770 0.874287 0.011155 0.049107
6 0.906605 0.865939 0.008924 0.140445
6 0.796725 0.790928 0.021071 0.111227
6 0.787398 0.946228 0.071332 0.061875
6 0.858575 0.708551 0.071890 0.052545
6 0.803821 0.542816 0.026091 0.092566
6 0.713959 0.569456 0.022373 0.122767
6 0.683808 0.560433 0.016361 0.112822
6 0.666084 0.548217 0.024542 0.019643
6 0.700045 0.395987 0.069411 0.057946
6 0.660723 0.409737 0.016051 0.137499
6 0.598222 0.268063 0.056768 0.143883
6 0.557691 0.293354 0.029252 0.063839
6 0.524349 0.248298 0.020080 0.136762
6 0.518151 0.312873 0.021071 0.071450
6 0.606526 0.135721 0.030243 0.113928
6 0.528284 0.106993 0.015060 0.034866
6 0.905967 0.208060 0.044415 0.011780
6 0.856535 0.166093 0.028804 0.139889
6 0.822434 0.190389 0.028991 0.024297
6 0.899184 0.066514 0.010779 0.067368
6 0.819019 0.032769 0.038143 0.064176
6 0.541354 0.745878 0.022618 0.018103
6 0.616748 0.695868 0.026731 0.143467
6 0.530502 0.924533 0.029701 0.071508
6 0.466075 0.697452 0.033356 0.026250
6 0.411736 0.958106 0.027925 0.083789
6 0.310440 0.886112 0.039423 0.127446
6 0.274440 0.864148 0.036411 0.188728
6 0.173316 0.909703 0.006639 0.073213
6 0.085914 0.908347 0.034974 0.016270
6 0.034685 0.824559 0.051879 0.014643
6 0.118048 0.671827 0.055576 0.069011
6 0.346646 0.526580 0.017340 0.063259
6 0.414275 0.355618 0.040395 0.077038
6 0.368235 0.340459 0.013548 0.116302
6 0.284842 0.128792 0.016497 0.146744
6 0.303064 0.089217 0.009283 0.090457
6 0.111471 0.165586 0.021371 0.026706
6 0.069129 0.177554 0.021770 0.022948
6 0.029184 0.386900 0.025365 0.018299
6 0.086405 0.296643 0.007989 0.035608
6 0.336784 0.922526 0.010202 0.051121
7 0.684536 0.811096 0.015120 0.015657
7 0.818041 0.874064 0.010653 0.016338
7 0.867182 0.914568 0.009278 0.012934
7 0.852405 0.944520 0.012027 0.008850
7 0.945533 0.994894 0.009278 0.010211
7 0.949141 0.802587 0.019244 0.029952
7 0.930069 0.816201 0.012715 0.024506
7 0.959966 0.738257 0.007216 0.037440
7 0.805498 0.843091 0.010997 0.014295
7 0.789347 0.920694 0.009622 0.025187
7 0.849485 0.724643 0.008935 0.017018
7 0.830584 0.630701 0.012371 0.022464
7 0.790722 0.679033 0.012371 0.022464
7 0.683677 0.697073 0.007216 0.023145
7 0.657560 0.685841 0.014089 0.021103
7 0.642784 0.713751 0.006529 0.023826
7 0.646220 0.749149 0.008591 0.017018
7 0.655670 0.796120 0.008247 0.019741
7 0.670790 0.924779 0.008935 0.017018
7 0.690722 0.943839 0.013058 0.014295
7 0.639863 0.825391 0.007560 0.015657
7 0.613230 0.757318 0.006529 0.021103
7 0.528179 0.683799 0.015120 0.019741
7 0.521993 0.820286 0.008247 0.019061
7 0.521134 0.881552 0.008591 0.021784
7 0.787799 0.856429 0.009735 0.019286
7 0.932712 0.628253 0.019304 0.046980
7 0.942571 0.636993 0.011444 0.024037
7 0.953395 0.648192 0.005515 0.021306
7 0.909030 0.530011 0.008894 0.015117
7 0.856357 0.673928 0.006186 0.014976
7 0.838316 0.522464 0.007904 0.017018
7 0.827148 0.490470 0.008247 0.014295
7 0.891581 0.512934 0.012027 0.017018
7 0.890550 0.473792 0.009278 0.021784
7 0.765808 0.503404 0.012027 0.017018
7 0.732302 0.481280 0.010997 0.020422
7 0.750515 0.433288 0.010309 0.030633
7 0.763574 0.410143 0.009622 0.011572
7 0.567698 0.506807 0.011684 0.014295
7 0.665464 0.523826 0.012715 0.014295
7 0.628522 0.401974 0.009622 0.018380
7 0.643299 0.357046 0.008935 0.014295
7 0.661856 0.298162 0.008935 0.020422
7 0.697251 0.339006 0.008247 0.023145
7 0.764089 0.326753 0.008591 0.028591
7 0.879038 0.384615 0.008935 0.014976
7 0.908591 0.391763 0.010997 0.021103
7 0.884708 0.364193 0.013402 0.014976
7 0.835052 0.298162 0.010997 0.043567
7 0.869931 0.332880 0.016151 0.016338
7 0.739003 0.213751 0.010653 0.024506
7 0.774055 0.050715 0.012027 0.018380
7 0.806186 0.074438 0.006186 0.021308
7 0.868729 0.358067 0.014434 0.017699
7 0.954811 0.205582 0.009966 0.016338
7 0.958591 0.080667 0.014089 0.021103
7 0.539691 0.113002 0.009278 0.028591
7 0.536022 0.136215 0.010653 0.010756
7 0.565808 0.310075 0.007216 0.029272
7 0.550344 0.353302 0.006529 0.014976
7 0.534021 0.076242 0.006873 0.012253
7 0.511856 0.061947 0.005842 0.031314
7 0.461168 0.945882 0.008247 0.022464
7 0.471134 0.815180 0.015120 0.019741
7 0.437285 0.865895 0.012027 0.014976
7 0.404124 0.853642 0.008935 0.021784
7 0.476804 0.884615 0.007904 0.019741
7 0.371306 0.802587 0.015464 0.013615
7 0.394158 0.763445 0.013746 0.018380
7 0.350172 0.724983 0.009622 0.014976
7 0.305326 0.775698 0.007216 0.026549
7 0.283505 0.948264 0.007560 0.020422
7 0.295533 0.673587 0.007560 0.026549
7 0.280584 0.683799 0.014089 0.019741
7 0.265808 0.681756 0.012027 0.017018
7 0.369416 0.642614 0.013746 0.023145
7 0.438316 0.681416 0.009278 0.010892
7 0.448110 0.626276 0.006186 0.017699
7 0.395704 0.571477 0.007216 0.021103
7 0.439175 0.446222 0.006873 0.018380
7 0.468385 0.430905 0.008247 0.021784
7 0.400687 0.467325 0.008247 0.023826
7 0.386598 0.451327 0.016495 0.017699
7 0.460137 0.369639 0.009622 0.023145
7 0.467869 0.306331 0.009966 0.014976
7 0.446564 0.305310 0.009966 0.015657
7 0.423540 0.324370 0.007216 0.018380
7 0.326632 0.334581 0.020962 0.026549
7 0.312543 0.421035 0.008591 0.029272
7 0.287973 0.424438 0.015120 0.019741
7 0.284364 0.372362 0.007216 0.025868
7 0.303780 0.335602 0.008935 0.038121
7 0.292268 0.311777 0.006529 0.021784
7 0.383677 0.268210 0.013402 0.019061
7 0.340893 0.262764 0.010997 0.017699
7 0.454467 0.224983 0.011340 0.018380
7 0.416151 0.168142 0.013746 0.017699
7 0.470619 0.138530 0.009278 0.025187
7 0.421478 0.120150 0.012715 0.022464
7 0.394674 0.085432 0.009966 0.025187
7 0.373540 0.086794 0.008935 0.022464
7 0.452405 0.056161 0.009966 0.023826
7 0.038316 0.230088 0.009966 0.031314
7 0.111168 0.234854 0.014089 0.019061
7 0.033677 0.310756 0.010997 0.015657
7 0.037113 0.356705 0.010309 0.020422
7 0.033505 0.101430 0.007904 0.016338
7 0.191753 0.404697 0.012371 0.018380
7 0.209622 0.409803 0.008935 0.020422
7 0.232474 0.558884 0.010653 0.025868
7 0.182131 0.567393 0.015808 0.027910
7 0.164948 0.646358 0.011684 0.044248
7 0.154296 0.633424 0.006186 0.022464
7 0.123883 0.633084 0.012715 0.019061
7 0.130772 0.551306 0.009311 0.011070
7 0.148110 0.488768 0.006186 0.023145
7 0.173540 0.439074 0.008247 0.019061
7 0.125773 0.419673 0.006873 0.021103
7 0.083677 0.425459 0.016151 0.023145
7 0.093986 0.512594 0.008591 0.019061
7 0.082302 0.543907 0.009278 0.016338
7 0.047079 0.485024 0.010997 0.015657
7 0.072852 0.649421 0.009622 0.017699
7 0.175584 0.757478 0.015156 0.020061
7 0.106186 0.733152 0.010309 0.017699
7 0.083849 0.708305 0.012371 0.014295
6 0.073540 0.772975 0.013746 0.017018
7 0.021134 0.700136 0.009278 0.022464
7 0.049906 0.954659 0.008545 0.018137
7 0.043192 0.945590 0.007731 0.021764
7 0.022846 0.945842 0.004476 0.030933
7 0.035766 0.908309 0.006714 0.017331
7 0.095175 0.818835 0.009563 0.016524
7 0.124473 0.805888 0.012818 0.009170
7 0.129864 0.729714 0.004069 0.015820
7 0.134646 0.717270 0.011597 0.012494
7 0.115419 0.727749 0.012207 0.008464
7 0.036681 0.735054 0.005290 0.020454
7 0.041259 0.717220 0.009563 0.019044
7 0.275602 0.175985 0.005663 0.020359
7 0.366123 0.268550 0.016412 0.027377
7 0.356152 0.290721 0.014196 0.012201
7 0.471796 0.501545 0.006298 0.024195
7 0.467503 0.481981 0.006870 0.010397
7 0.350898 0.529710 0.006107 0.032134
7 0.343459 0.933982 0.011685 0.036840
7 0.573928 0.570388 0.010808 0.017698
7 0.570523 0.559826 0.010915 0.013702
7 0.617279 0.156979 0.004868 0.027722
7 0.596947 0.075218 0.014096 0.020089
7 0.921619 0.334238 0.004202 0.023781
7 0.912040 0.347713 0.009854 0.011890
7 0.901536 0.226035 0.012855 0.022988
7 0.883155 0.225210 0.005701 0.016094
7 0.653229 0.366086 0.006113 0.011833
7 0.661279 0.434313 0.006907 0.010724
7 0.607225 0.884053 0.010427 0.012910
7 0.655940 0.948441 0.008146 0.006777
7 0.700663 0.797879 0.008309 0.012265
7 0.489824 0.358698 0.006677 0.018422
7 0.385189 0.188948 0.008031 0.009428