2 0.214605 0.080667 0.029210 0.046971
2 0.129210 0.328114 0.029553 0.050374
2 0.068900 0.454731 0.021649 0.053097
2 0.274227 0.322328 0.028179 0.053778
2 0.326460 0.142614 0.023368 0.056501
2 0.425601 0.405378 0.016151 0.070116
2 0.460137 0.401634 0.034364 0.043567
2 0.422165 0.763445 0.040893 0.044248
2 0.453436 0.774677 0.014777 0.068074
2 0.129038 0.797822 0.027148 0.055820
2 0.198454 0.859428 0.025086 0.074200
2 0.004811 0.971069 0.009622 0.027910
2 0.923540 0.120830 0.028522 0.055140
2 0.864777 0.222260 0.036082 0.066031
2 0.720103 0.239278 0.022337 0.037440
2 0.708419 0.315521 0.025773 0.061947
2 0.655326 0.299864 0.030928 0.063308
2 0.581615 0.355684 0.040206 0.049694
2 0.533505 0.481961 0.016838 0.102110
2 0.887801 0.439415 0.025086 0.049694
2 0.896735 0.485364 0.024399 0.084411
2 0.993643 0.452349 0.012027 0.057862
2 0.972165 0.527570 0.037113 0.029952
2 0.686942 0.686181 0.015808 0.066712
2 0.686254 0.756978 0.010997 0.031314
8 0.916838 0.580327 0.013058 0.021103
2 0.896735 0.646698 0.014777 0.087134
2 0.844158 0.865214 0.027835 0.069435