8 0.970313 0.179781 0.059375 0.320219
8 0.729688 0.108197 0.045833 0.107104
3 0.994010 0.822951 0.011979 0.037158
3 0.968229 0.563934 0.016667 0.078689
3 0.945052 0.591803 0.024479 0.053552
3 0.814062 0.569399 0.019792 0.059016
3 0.759635 0.667213 0.032813 0.027322
3 0.849219 0.800000 0.031771 0.041530
3 0.690885 0.933880 0.017188 0.053552
3 0.449740 0.795628 0.033854 0.034973
3 0.442969 0.658470 0.038021 0.049180
3 0.537240 0.462842 0.032813 0.044809
3 0.644010 0.414208 0.025521 0.026230
3 0.510156 0.228962 0.043229 0.051366
3 0.595312 0.124044 0.022917 0.053552
3 0.700000 0.240437 0.036458 0.037158
3 0.770573 0.069399 0.029688 0.031694
3 0.794792 0.104918 0.016667 0.083060
3 0.301042 0.204918 0.027083 0.068852
3 0.107031 0.065027 0.029687 0.077596
3 0.032813 0.011475 0.032292 0.020765
3 0.050521 0.280874 0.030208 0.050273
3 0.066927 0.437705 0.034896 0.038251
3 0.159635 0.453005 0.029688 0.046995
3 0.077604 0.627322 0.021875 0.056831
3 0.260937 0.667213 0.014583 0.046995
3 0.277604 0.843169 0.027083 0.057923
3 0.147917 0.956831 0.026042 0.046995
3 0.094271 0.943169 0.031250 0.048087
3 0.021875 0.966667 0.037500 0.042623
3 0.005729 0.796175 0.010417 0.051366
3 0.123438 0.753005 0.010417 0.028415
8 0.811198 0.838251 0.024479 0.039344
3 0.916927 0.392350 0.029688 0.054645
8 0.971615 0.021311 0.024479 0.040437