3 0.074442 0.497814 0.027604 0.036066
3 0.088542 0.620765 0.028125 0.041530
3 0.351562 0.543169 0.029167 0.054645
8 0.497135 0.771585 0.131771 0.120219
3 0.344494 0.728259 0.032738 0.045121
3 0.070312 0.661749 0.033333 0.040437
3 0.062455 0.779952 0.017798 0.069195
3 0.129427 0.813115 0.011979 0.063388
3 0.186135 0.544972 0.014979 0.051039
3 0.121094 0.230601 0.032813 0.039344
3 0.234489 0.135232 0.028353 0.050848
3 0.275293 0.169625 0.017252 0.056378
3 0.228906 0.215301 0.014063 0.037158
3 0.327865 0.301639 0.034896 0.037158
3 0.391667 0.093989 0.014583 0.065574
3 0.593229 0.174317 0.021875 0.064481
3 0.631548 0.131928 0.025595 0.064012
3 0.612679 0.223185 0.026401 0.067291
3 0.647135 0.302732 0.028646 0.067760
3 0.648438 0.447541 0.034375 0.051366
3 0.073698 0.052459 0.029688 0.052459
3 0.105729 0.169009 0.030208 0.044496
3 0.153479 0.155999 0.020499 0.075268
3 0.836719 0.638798 0.036979 0.046995
3 0.868750 0.455191 0.032292 0.033880
3 0.900260 0.889071 0.031771 0.040437
3 0.627865 0.763934 0.033854 0.048087
3 0.665365 0.780328 0.024479 0.059016
3 0.569271 0.771585 0.023958 0.059016
3 0.394971 0.838192 0.025684 0.074198
3 0.382031 0.669399 0.025521 0.064481
8 0.348475 0.149180 0.029241 0.210929
3 0.228646 0.215847 0.015625 0.040437
8 0.234375 0.042623 0.009375 0.034973
8 0.694010 0.550273 0.020312 0.051366
3 0.136458 0.199454 0.032292 0.042623