1 0.714605 0.938734 0.027148 0.040844
1 0.722509 0.535058 0.019588 0.031314
1 0.830069 0.380871 0.024399 0.031995
1 0.924399 0.479918 0.013058 0.038121
8 0.694845 0.210347 0.052921 0.025868
1 0.825773 0.138189 0.017869 0.027229
1 0.449485 0.300885 0.015808 0.035398
1 0.429553 0.106535 0.030928 0.038802
1 0.344845 0.105174 0.012715 0.029272
1 0.250172 0.407760 0.015120 0.028591
1 0.218385 0.843091 0.019588 0.052417
8 0.300172 0.848196 0.020962 0.042206
1 0.128007 0.555140 0.018900 0.036079
1 0.059794 0.594282 0.017182 0.039483
1 0.086942 0.388359 0.010997 0.023826
8 0.233849 0.138870 0.034021 0.111641
8 0.282302 0.095984 0.017526 0.038121
8 0.402948 0.120742 0.051518 0.018229