8 0.212416 0.552365 0.031250 0.109798
8 0.413429 0.038542 0.061655 0.074943
8 0.963682 0.880490 0.030405 0.049832
8 0.466639 0.608953 0.019426 0.067567
3 0.179899 0.708615 0.016892 0.064190
3 0.281672 0.817568 0.031250 0.050676
3 0.149493 0.857263 0.030405 0.042229
3 0.663851 0.685811 0.020270 0.060810
3 0.824747 0.800676 0.029561 0.045608
8 0.113598 0.536317 0.080236 0.038851
3 0.397804 0.293497 0.025338 0.054899
3 0.795186 0.299831 0.027872 0.050676
3 0.282517 0.118666 0.029561 0.051520
3 0.662162 0.776605 0.028716 0.031251
3 0.339527 0.275760 0.030405 0.043075
3 0.258024 0.588260 0.024493 0.058276
3 0.918074 0.861486 0.028716 0.033784
3 0.650760 0.744933 0.026183 0.033784
3 0.793919 0.712416 0.025338 0.044763
3 0.779983 0.546875 0.017736 0.071790
3 0.615287 0.138091 0.026182 0.059966
8 0.162162 0.628378 0.038852 0.025337
3 0.820523 0.731841 0.017736 0.070102
3 0.671875 0.561655 0.024494 0.059122
3 0.246622 0.960304 0.018581 0.062500
3 0.328547 0.126689 0.033784 0.030406
3 0.857264 0.627956 0.021959 0.065034
3 0.466216 0.505067 0.021959 0.048987
3 0.042652 0.534206 0.029560 0.032939
3 0.593750 0.291807 0.032095 0.041385
3 0.366401 0.849240 0.033477 0.043075
3 0.222551 0.760557 0.016047 0.046453
3 0.118666 0.877111 0.017736 0.059966
8 0.541808 0.857263 0.051520 0.140203
3 0.451014 0.171031 0.023649 0.049832
3 0.304476 0.225929 0.026183 0.046453
3 0.938767 0.149494 0.024493 0.045608
3 0.557855 0.917652 0.029560 0.046452
3 0.385135 0.361487 0.025338 0.050676
3 0.691723 0.324324 0.032095 0.032094
3 0.639780 0.190034 0.021115 0.054055
3 0.364865 0.453969 0.032094 0.041384
3 0.808277 0.945101 0.015203 0.062500
3 0.277872 0.378801 0.032094 0.039696
3 0.148227 0.314612 0.017736 0.068412
3 0.459459 0.846706 0.016892 0.070102
3 0.425253 0.594594 0.024493 0.045608
3 0.214949 0.339105 0.022804 0.051520
3 0.826858 0.178210 0.016892 0.055743
3 0.276182 0.617398 0.016892 0.067567
3 0.570946 0.829392 0.018581 0.062500
3 0.144426 0.570101 0.016892 0.062500
8 0.443834 0.660895 0.026182 0.038006
3 0.140625 0.669764 0.027872 0.040541
8 0.610220 0.795608 0.027871 0.030405
3 0.930321 0.727618 0.021115 0.053209
3 0.682010 0.369088 0.029561 0.040540
3 0.302365 0.659206 0.015203 0.070102
3 0.331926 0.495777 0.020270 0.064190
3 0.150760 0.725085 0.014358 0.061655
3 0.886824 0.336149 0.013514 0.054054
3 0.969172 0.565878 0.016047 0.064190
3 0.794341 0.182855 0.012669 0.056588
3 0.578547 0.073058 0.015203 0.061655
3 0.735642 0.237754 0.023648 0.061655
3 0.638936 0.682433 0.019426 0.059122
3 0.452280 0.051520 0.026183 0.045608
3 0.430998 0.233108 0.031584 0.047298
3 0.866554 0.554054 0.032095 0.035472
3 0.447213 0.134713 0.029561 0.038006
3 0.186655 0.882601 0.013514 0.064190
3 0.354308 0.580237 0.021115 0.060812
3 0.657939 0.458615 0.028716 0.040541
3 0.061655 0.865287 0.020270 0.063345
3 0.649493 0.873311 0.030405 0.028716
8 0.396537 0.949747 0.010980 0.024494
3 0.932855 0.461571 0.031250 0.036318
3 0.200169 0.382179 0.018581 0.070102
3 0.375422 0.200169 0.027872 0.042230
3 0.079392 0.241976 0.030406 0.051520
3 0.440878 0.855152 0.015203 0.063345
3 0.354332 0.066300 0.030406 0.044763
3 0.399916 0.073480 0.026182 0.030405
3 0.406250 0.198058 0.013514 0.061655
3 0.954392 0.375000 0.030406 0.032094
3 0.337838 0.568412 0.013514 0.027028
8 0.464949 0.718328 0.009291 0.022804
3 0.339527 0.415540 0.028716 0.038851
8 0.736909 0.814189 0.012669 0.030406
8 0.055321 0.446368 0.029561 0.075169
3 0.275338 0.173142 0.030406 0.043920
3 0.102618 0.607263 0.027872 0.037163
3 0.941723 0.530405 0.016892 0.076014
3 0.743666 0.514358 0.031250 0.035472
8 0.402027 0.836571 0.010135 0.022804
3 0.200169 0.381335 0.018581 0.071791
3 0.930321 0.041385 0.019426 0.040541
3 0.163007 0.194679 0.020270 0.051520
3 0.245355 0.864020 0.022804 0.057433
3 0.583486 0.369510 0.031837 0.032939
3 0.612331 0.498311 0.023648 0.052365
3 0.816827 0.597102 0.031090 0.040541
3 0.420573 0.468750 0.035841 0.030406
3 0.596706 0.665118 0.016047 0.081926
3 0.900338 0.796031 0.030406 0.041384
3 0.778716 0.329392 0.023649 0.042229
3 0.882812 0.940578 0.028125 0.039615
3 0.903646 0.916488 0.017708 0.070664
3 0.680729 0.882762 0.028125 0.056745
3 0.639844 0.936831 0.023438 0.062099
3 0.655729 0.909127 0.031250 0.042560
8 0.540625 0.957173 0.011458 0.044968
3 0.803646 0.677730 0.016667 0.070664
3 0.915885 0.655782 0.032813 0.033191
3 0.630469 0.578158 0.030729 0.034261
3 0.727083 0.474304 0.019792 0.055675
3 0.967448 0.503747 0.019271 0.061028
3 0.918490 0.503747 0.027604 0.043897
3 0.867448 0.447002 0.028646 0.043897
3 0.923437 0.419165 0.027083 0.043897
3 0.916927 0.373662 0.022396 0.044968
3 0.911979 0.331917 0.027083 0.049273
3 0.878646 0.293362 0.029167 0.047109
3 0.663542 0.401499 0.020833 0.057816
3 0.605729 0.416309 0.018750 0.075305
3 0.624479 0.468951 0.034375 0.032120
3 0.919271 0.192719 0.029167 0.049251
8 0.709635 0.723233 0.021354 0.131692
8 0.818490 0.421842 0.174479 0.092077
8 0.756510 0.307816 0.030729 0.116702
8 0.649740 0.350642 0.007812 0.046039
8 0.856796 0.311028 0.008283 0.069593
8 0.854427 0.357602 0.020312 0.023555
8 0.970313 0.244111 0.030208 0.143469
3 0.717969 0.164882 0.030729 0.042827
3 0.760938 0.225375 0.033333 0.050321
8 0.601562 0.086188 0.016667 0.020343
8 0.990885 0.157923 0.018229 0.026767
8 0.805729 0.096360 0.019792 0.070664
3 0.898364 0.128193 0.029825 0.054107
3 0.864844 0.109743 0.032813 0.033191
3 0.844531 0.125268 0.025521 0.062099
3 0.866146 0.157923 0.025000 0.050321
3 0.891667 0.168630 0.022917 0.063169
3 0.775000 0.109208 0.026042 0.042827
3 0.738053 0.112980 0.026105 0.069643
3 0.625781 0.082976 0.034896 0.039615
3 0.295312 0.854925 0.026042 0.043897
8 0.308854 0.872591 0.055208 0.167024
8 0.340349 0.840755 0.017708 0.046039
3 0.131771 0.811028 0.019792 0.067452
3 0.105729 0.817452 0.019792 0.065310
3 0.090625 0.802463 0.020833 0.063169
3 0.116406 0.679872 0.016146 0.066381
3 0.228125 0.602784 0.027083 0.053533
3 0.419271 0.775696 0.021875 0.043897
8 0.219010 0.881692 0.066146 0.172377
3 0.478385 0.432548 0.019271 0.072805
3 0.163021 0.122591 0.021875 0.071734
3 0.038021 0.023019 0.025000 0.043897
8 0.013281 0.566916 0.025521 0.026767
3 0.713113 0.921305 0.033894 0.032971
3 0.717438 0.892880 0.032833 0.039372
3 0.685724 0.811324 0.032087 0.042951
3 0.674283 0.797263 0.029599 0.038348
3 0.937941 0.823085 0.029102 0.032724
3 0.913689 0.832289 0.027361 0.029656
3 0.935578 0.791639 0.030345 0.034258
3 0.964804 0.780901 0.027609 0.041416
3 0.961943 0.752523 0.030843 0.034770
3 0.852625 0.747410 0.024625 0.058290
3 0.888070 0.727980 0.024376 0.069540
8 0.861979 0.887045 0.008333 0.020343
8 0.898177 0.724839 0.009896 0.014989
3 0.891054 0.831521 0.023879 0.056756
3 0.806112 0.553109 0.017163 0.042951
3 0.809470 0.513226 0.028356 0.061359
3 0.752781 0.175329 0.022258 0.057738
3 0.758610 0.133932 0.018548 0.062095
3 0.633278 0.126034 0.021197 0.052835
3 0.854928 0.213458 0.021462 0.068632
3 0.861552 0.236608 0.027292 0.055014
3 0.911234 0.082186 0.016958 0.063184
8 0.916401 0.130664 0.043190 0.090420
3 0.448460 0.785662 0.018813 0.061550
3 0.445148 0.748078 0.018548 0.058283
3 0.115655 0.793832 0.016693 0.062640
3 0.074187 0.800641 0.024907 0.064274
3 0.081209 0.700690 0.027822 0.053925
8 0.101347 0.707498 0.049020 0.070812
3 0.303785 0.465925 0.030472 0.044120
8 0.288285 0.462112 0.019608 0.040852
3 0.373606 0.409821 0.029677 0.033227
3 0.395598 0.413906 0.013248 0.032682
3 0.452832 0.379863 0.029147 0.048478
3 0.463829 0.352355 0.022523 0.076257
3 0.447268 0.326482 0.025437 0.056104
3 0.421831 0.145643 0.023318 0.057193
3 0.421433 0.187585 0.017223 0.066998
3 0.430310 0.097437 0.031267 0.045755
3 0.262847 0.223807 0.021198 0.054469
8 0.250658 0.241238 0.010599 0.031593
3 0.279276 0.222445 0.020137 0.057193
3 0.151029 0.173967 0.022258 0.051746
8 0.145313 0.244647 0.009375 0.024625
3 0.146789 0.446860 0.021728 0.068087
3 0.131686 0.438963 0.016958 0.061006
3 0.075645 0.449039 0.018813 0.059372
3 0.118967 0.403557 0.025437 0.045755
3 0.114993 0.376867 0.031267 0.057738
3 0.601042 0.618308 0.014583 0.024625