3 0.853436 0.887338 0.038144 0.034717
6 0.759450 0.927161 0.043299 0.023145
6 0.860481 0.815521 0.030241 0.025868
6 0.947766 0.697413 0.029553 0.038802
6 0.905498 0.662839 0.037801 0.023540
6 0.990722 0.942138 0.018557 0.036760
6 0.625258 0.800885 0.026460 0.042886
1 0.553436 0.662015 0.031959 0.075562
1 0.589175 0.514295 0.026460 0.105514
6 0.596564 0.600749 0.008935 0.074200
6 0.757388 0.501733 0.026117 0.036822
8 0.836770 0.510892 0.040550 0.079646
1 0.905069 0.462101 0.023765 0.064667
6 0.994097 0.481961 0.011805 0.085773
6 0.536133 0.231110 0.022095 0.072839
6 0.762750 0.197472 0.023879 0.053036
3 0.622509 0.146358 0.018900 0.070796
3 0.667698 0.075902 0.025430 0.061947
6 0.805018 0.183118 0.018284 0.058543
0 0.914433 0.178693 0.037801 0.040163
6 0.918900 0.140231 0.037801 0.027229
6 0.889175 0.152825 0.031959 0.067393
0 0.749141 0.072498 0.017869 0.079646
2 0.784569 0.092433 0.033592 0.051626
8 0.258589 0.776719 0.043647 0.058543
6 0.282990 0.686181 0.016838 0.049013
6 0.139003 0.586794 0.029210 0.042206
6 0.055155 0.631244 0.022337 0.015381
6 0.127148 0.504084 0.015120 0.060585
6 0.086082 0.445882 0.027835 0.047651
6 0.040893 0.448945 0.028866 0.060585
6 0.227383 0.386317 0.021523 0.053778
3 0.074227 0.365214 0.031615 0.046971
0 0.126804 0.285228 0.019244 0.057182
6 0.032990 0.279442 0.022680 0.055140
2 0.104983 0.066031 0.034021 0.050374
6 0.329897 0.166440 0.022680 0.061947
6 0.307730 0.218516 0.008596 0.058543
6 0.404296 0.339687 0.040206 0.035398
3 0.186426 0.067393 0.029897 0.036760
1 0.129796 0.178353 0.015607 0.063989
1 0.141409 0.147039 0.035395 0.061266
6 0.030756 0.083110 0.023711 0.021905
8 0.913224 0.398239 0.051197 0.139101
8 0.574839 0.553932 0.030720 0.110572