1 0.972680 0.872474 0.035395 0.041850
1 0.860765 0.903304 0.031734 0.074818
1 0.706529 0.960177 0.029553 0.079646
2 0.657732 0.938734 0.027491 0.069435
6 0.885226 0.866778 0.017864 0.073935
6 0.887562 0.895608 0.017370 0.061845
8 0.990206 0.781484 0.019588 0.046290
6 0.810755 0.859690 0.008451 0.050217
8 0.778866 0.752893 0.023711 0.051736
6 0.666151 0.841729 0.007904 0.048332
0 0.864089 0.621171 0.016838 0.072839
2 0.736254 0.594963 0.034021 0.032675
6 0.606662 0.566249 0.012335 0.064233
2 0.572852 0.526549 0.029553 0.031995
6 0.739175 0.487747 0.026117 0.052417
8 0.741924 0.676651 0.020619 0.038121
6 0.918213 0.383935 0.034364 0.020422
6 0.983333 0.382573 0.016151 0.050374
6 0.969759 0.245065 0.026117 0.055820
8 0.936598 0.247447 0.033333 0.059224
6 0.783505 0.158611 0.010309 0.069435
0 0.729725 0.354663 0.017526 0.066712
1 0.736048 0.189800 0.013134 0.065602
3 0.613402 0.183118 0.033677 0.046290
6 0.725624 0.382642 0.014640 0.063102
3 0.526632 0.210007 0.023711 0.063308
6 0.568041 0.181416 0.010997 0.094622
6 0.549656 0.011377 0.040206 0.021393
1 0.575945 0.102110 0.016495 0.055820
3 0.266838 0.955071 0.025773 0.074881
1 0.260653 0.808713 0.034708 0.072158
3 0.510997 0.816882 0.033677 0.040844
2 0.482818 0.678012 0.037801 0.031314
2 0.330311 0.881212 0.034021 0.036079
1 0.351375 0.849898 0.020962 0.078285
0 0.291924 0.702519 0.029897 0.029952
6 0.456357 0.919333 0.021306 0.026549
6 0.435230 0.937557 0.023984 0.050679
6 0.363058 0.922072 0.036770 0.019709
1 0.328694 0.915929 0.030584 0.030633
6 0.320619 0.710007 0.019244 0.046290
6 0.202127 0.774677 0.039045 0.039483
0 0.058076 0.825051 0.030928 0.047651
6 0.066323 0.686862 0.015120 0.065351
2 0.126289 0.664398 0.017526 0.043567
6 0.224055 0.579306 0.046048 0.025868
8 0.124227 0.605174 0.027148 0.077604
6 0.435567 0.467325 0.023024 0.056501
3 0.462199 0.422737 0.026804 0.058543
3 0.405326 0.283186 0.031271 0.058543
2 0.103780 0.091559 0.024055 0.063308
1 0.246450 0.095551 0.018037 0.124114
6 0.143972 0.299678 0.031242 0.031069
6 0.111333 0.131564 0.035559 0.023145
6 0.099935 0.395088 0.010731 0.064655
2 0.117429 0.412824 0.029971 0.064403
6 0.279732 0.412447 0.014478 0.042767
8 0.621821 0.121171 0.018900 0.036760