3 0.935677 0.889071 0.034896 0.044809
3 0.840885 0.877049 0.025521 0.046995
3 0.676042 0.697814 0.014583 0.057923
3 0.625781 0.676503 0.032813 0.043716
3 0.859115 0.401249 0.036979 0.048400
3 0.879427 0.179235 0.016146 0.067760
3 0.783854 0.278142 0.035417 0.042623
3 0.751823 0.351366 0.038021 0.036066
3 0.719010 0.371038 0.028646 0.055738
3 0.642448 0.196721 0.030729 0.030601
3 0.480729 0.902732 0.033333 0.043716
3 0.451042 0.872678 0.015625 0.071038
3 0.429948 0.862295 0.020312 0.045902
3 0.438802 0.625137 0.032812 0.030601
3 0.418750 0.320765 0.013542 0.060109
3 0.385156 0.343169 0.024479 0.067760
3 0.277344 0.166667 0.029687 0.071038
3 0.191927 0.153005 0.021354 0.050273
3 0.114583 0.398907 0.031250 0.048087
3 0.156771 0.457377 0.019792 0.066667
8 0.976562 0.857923 0.020833 0.198907
3 0.171094 0.627869 0.032812 0.051366