2 0.030005 0.369444 0.060011 0.029630
2 0.048858 0.437963 0.097716 0.079630
2 0.152947 0.465741 0.025491 0.083333
2 0.346787 0.499537 0.050982 0.097222
2 0.365905 0.833796 0.019118 0.112037
2 0.417419 0.107870 0.095592 0.065741
2 0.442910 0.268056 0.026553 0.186111
2 0.397504 0.203241 0.084440 0.076852
2 0.756240 0.668056 0.087095 0.041667
2 0.643654 0.950000 0.043548 0.098148
8 0.097716 0.530556 0.010621 0.053704
8 0.252257 0.542593 0.012746 0.070370
8 0.819172 0.150463 0.019649 0.052778
8 0.827403 0.719444 0.030802 0.094444
8 0.521508 0.593981 0.030802 0.039815
2 0.100106 0.017593 0.035582 0.035185