1 0.005498 0.239619 0.010997 0.106195
6 0.089613 0.139693 0.010155 0.063704
6 0.140727 0.137396 0.030569 0.058625
6 0.130223 0.124971 0.019913 0.036188
6 0.219068 0.180942 0.021618 0.083474
6 0.240107 0.241136 0.027768 0.045839
6 0.261298 0.226419 0.027768 0.044391
6 0.071795 0.266106 0.009743 0.053077
6 0.045001 0.289387 0.032640 0.029916
6 0.036232 0.333054 0.029229 0.051629
6 0.164476 0.383597 0.020704 0.083957
6 0.087140 0.433537 0.021435 0.040531
1 0.086055 0.378489 0.016784 0.073519
0 0.272337 0.296801 0.017526 0.081688
1 0.423368 0.060245 0.021306 0.055140
6 0.397079 0.444180 0.026460 0.068754
0 0.281100 0.531314 0.016495 0.071477
6 0.292784 0.630361 0.019244 0.057182
6 0.278351 0.701157 0.017869 0.035398
1 0.053093 0.723281 0.028522 0.049694
0 0.132302 0.733833 0.034364 0.043567
8 0.075945 0.847175 0.075601 0.194010
1 0.266323 0.807352 0.019244 0.093941
6 0.170275 0.842069 0.031959 0.043567
6 0.193299 0.771613 0.015464 0.037440
6 0.042784 0.709326 0.028522 0.032675
6 0.028007 0.746426 0.018213 0.036079
8 0.223642 0.869864 0.006959 0.061074
0 0.204602 0.861344 0.030347 0.026421
8 0.263230 0.983662 0.071478 0.031314
6 0.331959 0.822328 0.012371 0.055820
8 0.423540 0.816882 0.048454 0.084411
8 0.393643 0.623213 0.033333 0.112321
1 0.361168 0.738598 0.020619 0.072158
1 0.257732 0.662015 0.023368 0.070116
1 0.429210 0.628319 0.021306 0.084411
6 0.784536 0.060585 0.035739 0.023145
1 0.660162 0.142023 0.027540 0.080828
0 0.675601 0.165759 0.013746 0.070116
3 0.716495 0.189585 0.030241 0.038802
6 0.524055 0.123894 0.026804 0.032675
6 0.952749 0.283867 0.031271 0.050374
0 0.967698 0.303948 0.022680 0.070116
6 0.916838 0.339346 0.041924 0.030633
6 0.951546 0.381212 0.032302 0.028591
6 0.877835 0.436351 0.013402 0.053097
6 0.678694 0.514636 0.026804 0.028591
6 0.577320 0.573519 0.033677 0.041525
6 0.536082 0.461198 0.018557 0.079646
8 0.621821 0.496937 0.056701 0.087134
1 0.808763 0.600749 0.042268 0.097345
6 0.717832 0.364193 0.010921 0.050374
0 0.530069 0.758679 0.024399 0.059224
2 0.696564 0.981620 0.019931 0.035398
1 0.768729 0.156909 0.021993 0.036079
8 0.481443 0.160313 0.052921 0.143635
6 0.074906 0.632743 0.010325 0.057862
8 0.959450 0.820626 0.043986 0.056501
8 0.898110 0.150102 0.023711 0.046971