1 0.781670 0.703619 0.022595 0.051686
8 0.846899 0.750242 0.020174 0.070335
1 0.847436 0.699622 0.015870 0.020248
1 0.880522 0.871997 0.016946 0.037832
1 0.808030 0.899971 0.013987 0.015986
1 0.723973 0.864804 0.018560 0.043693
8 0.725990 0.900238 0.014525 0.018649
1 0.712866 0.455734 0.010879 0.043103
1 0.578449 0.152724 0.016585 0.043509
1 0.621255 0.196010 0.012999 0.032410
8 0.166152 0.400955 0.058763 0.024507
1 0.148626 0.241662 0.007904 0.019061
1 0.337668 0.513689 0.025769 0.022995
1 0.061057 0.598308 0.024609 0.030353
1 0.216003 0.877833 0.017178 0.048313
1 0.384818 0.885186 0.027782 0.031088
1 0.449290 0.869641 0.013785 0.030248
8 0.048884 0.863549 0.015482 0.042432
1 0.214094 0.740875 0.009544 0.018905
8 0.936086 0.976722 0.015686 0.045194
8 0.187309 0.991116 0.008304 0.016406