4 0.889333 0.717305 0.024000 0.060766
4 0.668589 0.665060 0.019394 0.041444
4 0.765333 0.601055 0.022667 0.047560
4 0.793628 0.560697 0.036743 0.048225
4 0.766333 0.546896 0.020667 0.063408
4 0.792333 0.506878 0.028667 0.053614
4 0.734368 0.528674 0.024736 0.065556
4 0.713504 0.540959 0.026325 0.051535
4 0.677335 0.445178 0.018633 0.050198
4 0.673758 0.375268 0.018183 0.042067
4 0.709413 0.392338 0.026507 0.052840
4 0.792667 0.301849 0.036000 0.043593
4 0.856616 0.222785 0.028101 0.051911
4 0.880000 0.247688 0.017333 0.062087
4 0.744667 0.189564 0.030667 0.048877
4 0.272667 0.918098 0.022667 0.055482
4 0.289526 0.878468 0.024673 0.052840
4 0.280367 0.842675 0.019814 0.053091
4 0.309785 0.838177 0.015097 0.025099
4 0.252000 0.741318 0.032000 0.044444
4 0.318667 0.906869 0.028000 0.033025
4 0.305975 0.739102 0.011963 0.025099
4 0.304333 0.536328 0.018000 0.029062
4 0.162375 0.328164 0.024583 0.070367
4 0.068333 0.437913 0.024667 0.027741
4 0.075615 0.314666 0.018692 0.063943
4 0.099602 0.218626 0.024795 0.038309
4 0.133818 0.125495 0.031636 0.034346
4 0.224158 0.106277 0.029650 0.052590
4 0.289380 0.134941 0.037988 0.047114
4 0.050761 0.011889 0.029521 0.021136
4 0.020000 0.037733 0.026667 0.035498
4 0.631571 0.149934 0.022192 0.067371
8 0.596667 0.262825 0.092000 0.137494
4 0.577667 0.272127 0.030000 0.055482
4 0.077333 0.797886 0.028000 0.044914
4 0.011000 0.686614 0.020667 0.059493