2 0.232302 0.054799 0.035052 0.027910
2 0.202405 0.093261 0.017869 0.066712
2 0.244674 0.235875 0.017182 0.045609
8 0.284536 0.125936 0.011684 0.025868
2 0.037113 0.224643 0.015808 0.049013
8 0.275945 0.344452 0.076976 0.023145
2 0.442784 0.200817 0.022337 0.049013
2 0.449656 0.317563 0.028522 0.046971
2 0.483677 0.025868 0.027148 0.051736
2 0.368041 0.434649 0.017182 0.074200
8 0.446220 0.460177 0.013402 0.024506
2 0.207560 0.566372 0.019931 0.066712
2 0.089347 0.682097 0.021306 0.046290
2 0.054296 0.618448 0.021306 0.046971
2 0.012715 0.691287 0.019931 0.041525
2 0.274570 0.616406 0.029553 0.068754
2 0.288144 0.676991 0.025773 0.075562
2 0.398454 0.625936 0.020962 0.048332
2 0.255937 0.914568 0.023368 0.066031
2 0.105326 0.978557 0.014089 0.041525
8 0.122337 0.976174 0.012371 0.028591
2 0.345533 0.957794 0.039519 0.031314
2 0.395189 0.910824 0.024055 0.059905
8 0.596564 0.153846 0.025430 0.057182
2 0.942612 0.230429 0.035052 0.066031
2 0.989691 0.216474 0.019931 0.024506
2 0.560653 0.315521 0.016151 0.066031
2 0.622509 0.335602 0.014777 0.070796
2 0.681959 0.409803 0.035395 0.044929
8 0.661512 0.451668 0.007560 0.017018
8 0.604639 0.569775 0.013402 0.023145
2 0.546048 0.569775 0.041237 0.031314
2 0.740893 0.680054 0.026804 0.068074
2 0.960825 0.707284 0.022680 0.059905
2 0.535911 0.932267 0.021649 0.057862