0 0.293054 0.055285 0.017869 0.080327
0 0.205670 0.083390 0.018900 0.066031
0 0.175258 0.086453 0.043986 0.029952
0 0.084192 0.226004 0.030241 0.035398
0 0.031787 0.198434 0.030584 0.051055
0 0.246048 0.247447 0.034364 0.030633
0 0.257732 0.327774 0.015808 0.076923
0 0.304639 0.323009 0.016838 0.059224
0 0.307200 0.380531 0.022027 0.054459
0 0.449828 0.390061 0.037113 0.038121
0 0.072337 0.556161 0.036082 0.029952
0 0.195533 0.516678 0.023368 0.040844
0 0.223125 0.417971 0.023569 0.065351
0 0.204811 0.544588 0.023368 0.063989
0 0.127246 0.625886 0.030584 0.043567
0 0.241753 0.716133 0.038144 0.028591
0 0.319798 0.718176 0.024475 0.072158
0 0.346735 0.825732 0.034364 0.034037
0 0.272165 0.879510 0.015120 0.085773
0 0.202405 0.843431 0.027491 0.066712
0 0.244502 0.751191 0.022337 0.037440
0 0.271993 0.701498 0.016838 0.034717
0 0.051031 0.758705 0.017526 0.070167
0 0.051718 0.822668 0.027148 0.072839
0 0.092955 0.802587 0.045704 0.031314
0 0.458763 0.888019 0.024055 0.038802
0 0.150687 0.985364 0.016838 0.027910
0 0.119588 0.991150 0.030928 0.016338
0 0.488832 0.895926 0.041581 0.036331
0 0.794158 0.009871 0.037113 0.019741
0 0.902234 0.090878 0.016838 0.072839
0 0.645017 0.071137 0.017869 0.074200
0 0.724227 0.067393 0.028522 0.032675
0 0.601890 0.053778 0.034021 0.039483
0 0.566667 0.096324 0.021993 0.078285
0 0.590378 0.152825 0.043986 0.029272
0 0.741753 0.192308 0.038832 0.027910
0 0.758247 0.230429 0.046392 0.030633
0 0.572680 0.302587 0.014777 0.079646
0 0.672745 0.327774 0.040764 0.030633
0 0.862715 0.411845 0.028522 0.051736
0 0.658419 0.468686 0.038488 0.033356
0 0.619931 0.385296 0.025430 0.057182
0 0.874227 0.640231 0.028179 0.059224
0 0.835223 0.678012 0.024399 0.063989
0 0.564261 0.677672 0.017182 0.076923
0 0.563918 0.741661 0.026117 0.066031
0 0.983677 0.686521 0.020275 0.070116
0 0.643643 0.819605 0.033677 0.042206
0 0.563058 0.802587 0.014777 0.069435
0 0.942268 0.800545 0.040550 0.039483
0 0.889519 0.971749 0.023711 0.040163
0 0.825086 0.559564 0.017869 0.046290
0 0.874742 0.450987 0.036082 0.041525
0 0.525161 0.076242 0.034215 0.036760
0 0.435231 0.327462 0.020004 0.063955
0 0.429043 0.344146 0.016236 0.055613
0 0.676310 0.224746 0.034516 0.056439
0 0.691715 0.225204 0.031968 0.050933
0 0.531309 0.987932 0.027871 0.022775
0 0.024407 0.477128 0.015043 0.083538
0 0.041931 0.455046 0.034795 0.028733
0 0.618379 0.675545 0.014469 0.036378
0 0.820116 0.503305 0.011130 0.038031