4 0.084000 0.163144 0.014667 0.040951
4 0.110303 0.270806 0.021939 0.063408
4 0.250000 0.236283 0.032000 0.047203
4 0.167789 0.372573 0.022887 0.060865
4 0.234667 0.340574 0.024000 0.042406
4 0.043762 0.145330 0.013809 0.028860
4 0.071039 0.327617 0.024968 0.047118
4 0.078667 0.408341 0.021333 0.068391
4 0.097642 0.424445 0.024076 0.032510
4 0.126325 0.395054 0.018429 0.058309
4 0.201971 0.461731 0.028237 0.056884
4 0.252191 0.374505 0.027617 0.033025
4 0.169333 0.501711 0.017333 0.045456
4 0.145657 0.538602 0.022019 0.036252
4 0.096667 0.675320 0.025333 0.034921
4 0.170000 0.671223 0.024000 0.058429
4 0.183667 0.741083 0.024667 0.034346
4 0.245516 0.673052 0.029723 0.059445
4 0.280240 0.665786 0.024480 0.068692
4 0.436667 0.756935 0.013333 0.029062
4 0.700893 0.120161 0.015333 0.031380
8 0.802000 0.097754 0.077333 0.142668
4 0.633727 0.260898 0.028788 0.048877
4 0.685722 0.251968 0.029890 0.045601
4 0.788000 0.287979 0.025333 0.055482
4 0.640708 0.364120 0.036083 0.064843
4 0.725576 0.444203 0.032486 0.041012
4 0.695949 0.495983 0.028529 0.043701
4 0.727667 0.573316 0.032667 0.039630
4 0.661333 0.523902 0.021333 0.027493
4 0.623788 0.326433 0.026291 0.038240
4 0.661486 0.582015 0.026972 0.053935
4 0.628802 0.572655 0.033604 0.040951
4 0.599306 0.638534 0.018721 0.043937
4 0.583022 0.677675 0.021955 0.060766
4 0.782917 0.521408 0.012832 0.032481
4 0.875333 0.478402 0.024000 0.058520
4 0.519667 0.803831 0.022000 0.027741
4 0.781284 0.819835 0.033431 0.038005