6 0.935940 0.925474 0.049347 0.051887
6 0.937753 0.804677 0.015670 0.110396
6 0.930770 0.822088 0.041128 0.019192
7 0.925243 0.853281 0.015416 0.035659
7 0.943761 0.699410 0.025157 0.016119
7 0.814201 0.613861 0.014009 0.030463
6 0.851473 0.518592 0.023786 0.121302
6 0.751464 0.468865 0.065065 0.041786
6 0.812210 0.433091 0.031234 0.082934
6 0.787280 0.408091 0.047858 0.050958
6 0.950130 0.350647 0.037541 0.040988
6 0.948267 0.293220 0.022926 0.083440
7 0.889463 0.344010 0.014215 0.037645
6 0.863584 0.343169 0.037541 0.026033
6 0.855417 0.375849 0.017768 0.052620
6 0.856993 0.243469 0.047285 0.022709
7 0.838652 0.262519 0.010603 0.011196
7 0.911934 0.207743 0.012159 0.040988
7 0.911170 0.151505 0.015475 0.021048
7 0.798976 0.150398 0.015762 0.033233
7 0.930199 0.017967 0.019145 0.034443
6 0.779868 0.007720 0.036007 0.013949
6 0.655355 0.635818 0.018890 0.058961
7 0.708670 0.623785 0.018914 0.023817
7 0.694628 0.594983 0.008024 0.037111
6 0.656084 0.465380 0.044419 0.054849
6 0.659912 0.554134 0.014822 0.089455
6 0.641612 0.574766 0.020633 0.066466
6 0.626264 0.470358 0.026620 0.079206
7 0.610025 0.426324 0.006751 0.023263
6 0.590191 0.349740 0.012363 0.133749
6 0.548836 0.291574 0.066062 0.046526
6 0.640440 0.202000 0.060704 0.041319
6 0.572834 0.209716 0.015475 0.111478
6 0.737390 0.360910 0.013380 0.091891
7 0.681041 0.287825 0.010386 0.042466
7 0.686234 0.318694 0.007590 0.013926
6 0.680619 0.100111 0.032757 0.087633
6 0.671972 0.052433 0.053413 0.023163
6 0.666698 0.015952 0.056048 0.028954
6 0.635988 0.915445 0.031604 0.063047
6 0.527847 0.790321 0.052192 0.041708
6 0.462608 0.783774 0.053697 0.027643
6 0.453198 0.884406 0.029860 0.063047
6 0.527998 0.716119 0.033423 0.055288
6 0.503166 0.596195 0.044984 0.088266
6 0.552417 0.599347 0.037596 0.019884
7 0.473661 0.626066 0.009535 0.038917
6 0.421384 0.657649 0.049513 0.033949
6 0.341676 0.755857 0.058214 0.038313
6 0.331226 0.557259 0.044841 0.037828
6 0.361248 0.830544 0.035129 0.090691
6 0.320474 0.777681 0.026848 0.021824
7 0.312068 0.795412 0.004517 0.016430
6 0.275028 0.865674 0.044175 0.073480
6 0.283891 0.878611 0.028168 0.063131
6 0.246380 0.981220 0.023292 0.037560
6 0.246940 0.758300 0.054933 0.055369
6 0.152675 0.788572 0.053814 0.084864
6 0.116948 0.927770 0.026803 0.024838
6 0.098995 0.950797 0.023561 0.018112
6 0.478795 0.980164 0.029636 0.012656
7 0.468520 0.988157 0.015116 0.016649
6 0.234031 0.714178 0.062031 0.051548
6 0.208584 0.636289 0.038686 0.099697
6 0.178250 0.700583 0.032532 0.108194
6 0.182353 0.519032 0.056564 0.069108
6 0.361243 0.447705 0.049756 0.028890
6 0.443069 0.193579 0.041263 0.067975
6 0.458618 0.218220 0.036608 0.024358
6 0.517541 0.497201 0.035463 0.069108
6 0.496696 0.471144 0.043009 0.018127
6 0.441340 0.389857 0.026084 0.118390
6 0.358546 0.356154 0.009965 0.083833
7 0.294948 0.419879 0.012309 0.058345
7 0.301249 0.468311 0.007913 0.018127
6 0.249313 0.294491 0.030480 0.079871
7 0.209894 0.335048 0.011430 0.055621
6 0.216928 0.454516 0.027842 0.043051
6 0.127722 0.388841 0.034071 0.034057
6 0.081189 0.284578 0.033616 0.104228
6 0.037543 0.157692 0.038351 0.091766
6 0.118593 0.146646 0.050395 0.051548
7 0.130763 0.150327 0.016119 0.021525
7 0.308426 0.107654 0.016573 0.050632
6 0.462529 0.081306 0.035552 0.050632
6 0.413344 0.050067 0.028067 0.098643
6 0.370040 0.022197 0.009890 0.042904
6 0.298402 0.031707 0.011494 0.060964
7 0.149172 0.750799 0.016944 0.022549
7 0.612959 0.588609 0.012500 0.022549
7 0.615305 0.824417 0.005251 0.026845