1 0.916667 0.462219 0.049828 0.069435
1 0.741581 0.334581 0.024055 0.041525
1 0.745361 0.294418 0.015120 0.025187
1 0.747251 0.477876 0.018900 0.031314
1 0.788488 0.539823 0.013402 0.024506
1 0.753608 0.682777 0.024742 0.032675
8 0.637973 0.459837 0.016838 0.079646
8 0.664261 0.254595 0.055670 0.084411
8 0.626632 0.543907 0.030584 0.023145
8 0.632131 0.706263 0.069072 0.061947
8 0.620619 0.765827 0.032990 0.085773
1 0.510825 0.759020 0.012027 0.031314
1 0.453265 0.758339 0.022680 0.040844
1 0.417354 0.712730 0.025773 0.035398
8 0.457216 0.712049 0.036082 0.092580
8 0.439691 0.397549 0.014777 0.096664
1 0.303265 0.265827 0.014089 0.046971
1 0.242268 0.275698 0.019931 0.029952
1 0.282286 0.315180 0.012741 0.029952
1 0.196392 0.346494 0.027835 0.043567
8 0.259966 0.710688 0.018900 0.046290
1 0.214433 0.942138 0.019931 0.043567
1 0.056186 0.670524 0.030584 0.055820
1 0.080241 0.716133 0.013402 0.043567
1 0.148110 0.829135 0.019244 0.024506
1 0.039175 0.718176 0.012371 0.027229
1 0.029725 0.630701 0.018900 0.026549