2 0.224742 0.230769 0.016495 0.069435
2 0.345017 0.178353 0.035052 0.049013
2 0.456873 0.122192 0.035395 0.037440
2 0.483677 0.123553 0.018213 0.052417
8 0.467354 0.195031 0.008935 0.031995
8 0.029725 0.119469 0.042955 0.086453
2 0.139691 0.342750 0.033333 0.025187
2 0.083162 0.600068 0.019931 0.061947
2 0.042784 0.607897 0.027835 0.063989
2 0.302749 0.650783 0.035739 0.055820
2 0.491409 0.831518 0.032302 0.030633
8 0.321821 0.983322 0.012715 0.025187
8 0.629210 0.174268 0.012371 0.023145
2 0.634880 0.131382 0.012027 0.057182
2 0.735395 0.298502 0.030241 0.029272
2 0.913230 0.015317 0.034708 0.030633
2 0.719759 0.772975 0.020275 0.072839
2 0.949656 0.851259 0.022337 0.071477
2 0.984880 0.962900 0.029553 0.031995