4 0.343085 0.310505 0.031915 0.041225
4 0.753990 0.117354 0.029255 0.033910
4 0.428524 0.089429 0.033909 0.040559
4 0.537567 0.105386 0.025931 0.047207
4 0.175199 0.796542 0.028591 0.034575
4 0.740359 0.152260 0.029921 0.037234
4 0.683178 0.595412 0.029921 0.035239
4 0.061215 0.214761 0.023845 0.037234
4 0.699411 0.401596 0.031043 0.035905
4 0.217088 0.399269 0.027261 0.033909
4 0.556183 0.515957 0.029920 0.046543
4 0.689827 0.556184 0.025931 0.039229
4 0.618683 0.090093 0.025931 0.033909
4 0.659242 0.609375 0.025931 0.036569
4 0.715758 0.306184 0.029920 0.031250
4 0.701795 0.123338 0.031250 0.039229
4 0.192154 0.491024 0.035905 0.041889
4 0.556516 0.560172 0.030585 0.040559
4 0.029641 0.185939 0.014685 0.043016
4 0.572806 0.464760 0.035239 0.038564
4 0.623551 0.634974 0.026834 0.033244
4 0.578790 0.632646 0.032580 0.035239
4 0.626481 0.380652 0.019044 0.060506
4 0.162234 0.193816 0.029255 0.035239
4 0.577793 0.240026 0.018617 0.029255
4 0.273271 0.100399 0.009308 0.021276
4 0.588098 0.309841 0.029921 0.034575
4 0.148095 0.442486 0.020732 0.055186
4 0.073138 0.634641 0.026595 0.036569
4 0.549974 0.743684 0.023558 0.041888
4 0.075696 0.143246 0.029458 0.052605
4 0.991356 0.775931 0.015955 0.041223
4 0.677945 0.378989 0.017613 0.053192
4 0.155585 0.231383 0.026595 0.043884
4 0.549535 0.592420 0.025931 0.053192
4 0.162234 0.357713 0.017287 0.043882
4 0.121343 0.226396 0.016622 0.052526
4 0.166323 0.617449 0.024601 0.042552
4 0.116356 0.711437 0.021277 0.047872
4 0.143950 0.614361 0.023271 0.043882
4 0.584007 0.499530 0.024804 0.042945
4 0.589108 0.379322 0.024438 0.025930
4 0.591200 0.210667 0.021356 0.064037
4 0.686835 0.339428 0.015957 0.043218
4 0.589454 0.670421 0.025543 0.048766
4 0.166668 0.306849 0.031098 0.049867
4 0.584443 0.427859 0.021273 0.033909
4 0.095506 0.258643 0.029733 0.045213
4 0.666386 0.422527 0.023998 0.027287
4 0.096742 0.190160 0.033909 0.043884
4 0.710173 0.266955 0.017154 0.043218
4 0.155917 0.392620 0.021941 0.044547
4 0.557917 0.647763 0.024063 0.059034
4 0.563296 0.375332 0.025003 0.068485
4 0.138053 0.220061 0.017925 0.059053
4 0.132195 0.273552 0.034392 0.040225
4 0.138377 0.321908 0.025052 0.053063
4 0.114189 0.322336 0.032826 0.057342
4 0.096912 0.363203 0.021596 0.066329
4 0.112677 0.382888 0.021164 0.064618
4 0.085952 0.327257 0.028831 0.038942
4 0.089030 0.424397 0.030882 0.052635
4 0.134381 0.372831 0.021380 0.071892
4 0.211587 0.449003 0.022892 0.075316
4 0.116484 0.437020 0.029965 0.049639
4 0.067866 0.479172 0.026131 0.056914
4 0.057823 0.554058 0.019868 0.056058
4 0.077260 0.563687 0.019868 0.070180
4 0.094429 0.539937 0.019220 0.068041
4 0.112137 0.495861 0.022676 0.062905
4 0.168395 0.515331 0.021596 0.077882
4 0.139996 0.487302 0.033474 0.049211
4 0.145071 0.536514 0.027211 0.042365
4 0.018627 0.491367 0.016197 0.035091
4 0.092809 0.601559 0.016845 0.055202
4 0.107386 0.579092 0.018789 0.063333
4 0.122504 0.545072 0.020517 0.060337
4 0.122180 0.618462 0.019437 0.055631
4 0.144748 0.579306 0.024403 0.032095
4 0.162456 0.565398 0.015333 0.050495
4 0.180489 0.588721 0.024187 0.052635
4 0.212019 0.524960 0.026347 0.062905
4 0.189775 0.568608 0.014685 0.046643
4 0.156409 0.662752 0.036929 0.044077
4 0.105227 0.654194 0.028723 0.039798
4 0.130062 0.685005 0.027427 0.066329
4 0.080938 0.794731 0.021933 0.064201
4 0.646572 0.379219 0.021797 0.077655
4 0.605511 0.442694 0.034345 0.043190
4 0.632261 0.450547 0.020035 0.058896
4 0.650865 0.457309 0.019815 0.065440
4 0.673542 0.459708 0.029502 0.066748
4 0.604630 0.495918 0.017613 0.052787
4 0.620922 0.488501 0.018054 0.060641
4 0.641618 0.493518 0.021576 0.026176
4 0.634903 0.534309 0.031924 0.055406
4 0.663744 0.537581 0.034566 0.041881
4 0.586576 0.541289 0.029942 0.058022
4 0.608868 0.541943 0.027191 0.049733
4 0.578706 0.592114 0.028511 0.045371
4 0.607850 0.587969 0.032309 0.064131
4 0.627472 0.591677 0.024769 0.054968
4 0.573477 0.731716 0.015632 0.035773
4 0.588778 0.748731 0.034787 0.062822
4 0.561478 0.805880 0.025539 0.069801
4 0.586356 0.818532 0.023778 0.076782
4 0.652850 0.568309 0.028624 0.038690