0 0.068196 0.077992 0.037142 0.059287
0 0.075418 0.101093 0.036317 0.048247
0 0.078926 0.137892 0.040856 0.030256
0 0.050347 0.145251 0.038173 0.041704
0 0.036007 0.184503 0.035904 0.031074
0 0.132333 0.200132 0.034000 0.040951
0 0.017667 0.323925 0.028667 0.049639
0 0.085000 0.361411 0.028667 0.046469
0 0.290000 0.402906 0.026667 0.031704
0 0.364333 0.224571 0.015333 0.079260
0 0.398278 0.155878 0.034111 0.042272
0 0.443667 0.242404 0.040667 0.033025
0 0.498000 0.058124 0.034667 0.029062
0 0.459333 0.326948 0.034667 0.033025
0 0.443333 0.385733 0.022667 0.026420
0 0.322667 0.535667 0.021333 0.070013
8 0.221667 0.739102 0.087333 0.077939
0 0.103333 0.663144 0.024000 0.066050
0 0.085333 0.692206 0.036000 0.039630
0 0.105333 0.819022 0.032000 0.042272
0 0.067333 0.871139 0.040000 0.030256
0 0.019000 0.828269 0.016667 0.055482
0 0.061667 0.957376 0.030000 0.035974
0 0.333333 0.955086 0.032000 0.050198
8 0.241000 0.854029 0.024667 0.048877
0 0.372303 0.760051 0.027393 0.030757
0 0.441667 0.775429 0.034000 0.047556
0 0.435333 0.860634 0.022667 0.062087
0 0.362000 0.635403 0.041333 0.029062
0 0.804333 0.141347 0.035333 0.039630
0 0.845826 0.114132 0.035653 0.054431
0 0.841019 0.232497 0.023296 0.063408
0 0.925000 0.042272 0.018000 0.066050
0 0.805667 0.194546 0.034000 0.035063
0 0.629667 0.394980 0.036667 0.031704
0 0.623333 0.605020 0.024000 0.073976
0 0.771667 0.554822 0.044667 0.031704
0 0.542667 0.691546 0.026667 0.027741
0 0.525000 0.797226 0.040667 0.033025
0 0.772000 0.739762 0.025333 0.055482
0 0.803667 0.659841 0.023333 0.043593
0 0.949000 0.679657 0.038000 0.027741
0 0.946333 0.712021 0.039333 0.031704
0 0.868333 0.914135 0.036667 0.026420
0 0.679000 0.878468 0.042000 0.031704
0 0.962379 0.927345 0.019425 0.068692
0 0.553333 0.982166 0.048000 0.033025
8 0.889667 0.792602 0.023333 0.052840
8 0.960000 0.552840 0.018667 0.035667
8 0.604667 0.059445 0.062667 0.050198
8 0.885333 0.138045 0.025333 0.027741
8 0.240000 0.264861 0.038667 0.027741
8 0.305333 0.107001 0.014667 0.036988
8 0.283000 0.490092 0.040667 0.042272