1 0.046392 0.043227 0.033677 0.037440
2 0.044158 0.182777 0.029897 0.029272
8 0.214605 0.052757 0.033333 0.055140
6 0.084192 0.105854 0.033677 0.019741
0 0.019244 0.210347 0.027491 0.047651
0 0.164261 0.318584 0.018557 0.076242
6 0.236254 0.249489 0.032646 0.057862
6 0.354639 0.146358 0.030928 0.024506
8 0.443814 0.259020 0.027835 0.090538
0 0.475773 0.228387 0.027835 0.030633
1 0.483162 0.312117 0.021306 0.110960
8 0.484708 0.439074 0.042955 0.110279
2 0.340893 0.453710 0.032302 0.060585
2 0.284880 0.546290 0.034364 0.033356
6 0.322680 0.531654 0.026117 0.035398
6 0.138144 0.673247 0.014433 0.065351
6 0.217869 0.714772 0.024055 0.055820
6 0.058419 0.500681 0.012371 0.045609
6 0.253436 0.804969 0.014777 0.048332
6 0.281100 0.855344 0.035052 0.023826
6 0.364089 0.745405 0.028522 0.051736
6 0.400000 0.748128 0.009622 0.069435
6 0.411677 0.732066 0.018570 0.083601
1 0.348282 0.860790 0.018900 0.085092
0 0.380241 0.901974 0.016838 0.073519
6 0.290893 0.903676 0.037457 0.023826
1 0.455061 0.962900 0.022524 0.072839
0 0.153436 0.865214 0.027835 0.042206
6 0.534536 0.019741 0.031959 0.039483
6 0.968213 0.131722 0.027835 0.036079
0 0.819931 0.062968 0.032990 0.034717
2 0.792268 0.035058 0.033333 0.027910
1 0.656186 0.300214 0.019588 0.062609
3 0.545189 0.217155 0.014777 0.058543
6 0.732350 0.281824 0.009716 0.061266
1 0.946392 0.230769 0.022680 0.068074
8 0.989863 0.177672 0.019588 0.028591
6 0.729210 0.482301 0.032990 0.055140
6 0.756873 0.497958 0.010653 0.046971
6 0.700515 0.620490 0.014777 0.056501
8 0.784364 0.558203 0.028522 0.068074
0 0.873196 0.644316 0.015120 0.074200
8 0.810137 0.843431 0.025086 0.091219
6 0.550515 0.772634 0.008935 0.043567
1 0.667182 0.954391 0.038144 0.069435
0 0.986082 0.839687 0.027148 0.036079
3 0.945361 0.923758 0.032990 0.038121
1 0.344330 0.355003 0.028866 0.044248