8 0.029687 0.820219 0.059375 0.320219
8 0.270313 0.891803 0.045833 0.107104
3 0.005990 0.177049 0.011979 0.037158
3 0.031771 0.436066 0.016667 0.078689
3 0.054948 0.408197 0.024479 0.053552
3 0.185937 0.430601 0.019792 0.059016
3 0.240365 0.332787 0.032812 0.027322
3 0.150781 0.200000 0.031771 0.041530
3 0.309115 0.066120 0.017188 0.053552
3 0.550260 0.204372 0.033854 0.034973
3 0.557031 0.341530 0.038021 0.049180
3 0.462760 0.537158 0.032812 0.044809
3 0.355990 0.585792 0.025521 0.026230
3 0.489844 0.771038 0.043229 0.051366
3 0.404687 0.875956 0.022917 0.053552
3 0.300000 0.759563 0.036458 0.037158
3 0.229427 0.930601 0.029688 0.031694
3 0.205208 0.895082 0.016667 0.083060
3 0.698958 0.795082 0.027083 0.068852
3 0.892969 0.934973 0.029687 0.077596
3 0.967187 0.988525 0.032292 0.020765
3 0.949479 0.719126 0.030208 0.050273
3 0.933073 0.562295 0.034896 0.038251
3 0.840365 0.546995 0.029687 0.046995
3 0.922396 0.372678 0.021875 0.056831
3 0.739062 0.332787 0.014583 0.046995
3 0.722396 0.156831 0.027083 0.057923
3 0.852083 0.043169 0.026042 0.046995
3 0.905729 0.056831 0.031250 0.048087
3 0.978125 0.033333 0.037500 0.042623
3 0.994271 0.203825 0.010417 0.051366
3 0.876563 0.246995 0.010417 0.028415
8 0.188802 0.161749 0.024479 0.039344
3 0.083073 0.607650 0.029687 0.054645
8 0.028385 0.978689 0.024479 0.040437