2 0.785395 0.919333 0.029210 0.046971
2 0.870790 0.671886 0.029553 0.050374
2 0.931100 0.545269 0.021649 0.053097
2 0.725773 0.677672 0.028179 0.053778
2 0.673540 0.857386 0.023368 0.056501
2 0.574399 0.594622 0.016151 0.070116
2 0.539863 0.598366 0.034364 0.043567
2 0.577835 0.236555 0.040893 0.044248
2 0.546564 0.225323 0.014777 0.068074
2 0.870962 0.202178 0.027148 0.055820
2 0.801546 0.140572 0.025086 0.074200
2 0.995189 0.028931 0.009622 0.027910
2 0.076460 0.879170 0.028522 0.055140
2 0.135223 0.777740 0.036082 0.066031
2 0.279897 0.760722 0.022337 0.037440
2 0.291581 0.684479 0.025773 0.061947
2 0.344674 0.700136 0.030928 0.063308
2 0.418385 0.644316 0.040206 0.049694
2 0.466495 0.518039 0.016838 0.102110
2 0.112199 0.560585 0.025086 0.049694
2 0.103265 0.514636 0.024399 0.084411
2 0.006357 0.547651 0.012027 0.057862
2 0.027835 0.472430 0.037113 0.029952
2 0.313058 0.313819 0.015808 0.066712
2 0.313746 0.243022 0.010997 0.031314
8 0.083162 0.419673 0.013058 0.021103
2 0.103265 0.353302 0.014777 0.087134
2 0.155842 0.134786 0.027835 0.069435