1 0.953608 0.956773 0.033677 0.037440
2 0.955842 0.817223 0.029897 0.029272
8 0.785395 0.947243 0.033333 0.055140
6 0.915808 0.894146 0.033677 0.019741
0 0.980756 0.789653 0.027491 0.047651
0 0.835739 0.681416 0.018557 0.076242
6 0.763746 0.750511 0.032646 0.057862
6 0.645361 0.853642 0.030928 0.024506
8 0.556186 0.740980 0.027835 0.090538
0 0.524227 0.771613 0.027835 0.030633
1 0.516838 0.687883 0.021306 0.110960
8 0.515292 0.560926 0.042955 0.110279
2 0.659107 0.546290 0.032302 0.060585
2 0.715120 0.453710 0.034364 0.033356
6 0.677320 0.468346 0.026117 0.035398
6 0.861856 0.326753 0.014433 0.065351
6 0.782131 0.285228 0.024055 0.055820
6 0.941581 0.499319 0.012371 0.045609
6 0.746564 0.195031 0.014777 0.048332
6 0.718900 0.144656 0.035052 0.023826
6 0.635911 0.254595 0.028522 0.051736
6 0.600000 0.251872 0.009622 0.069435
6 0.588323 0.267934 0.018570 0.083601
1 0.651718 0.139210 0.018900 0.085092
0 0.619759 0.098026 0.016838 0.073519
6 0.709107 0.096324 0.037457 0.023826
1 0.544939 0.037100 0.022524 0.072839
0 0.846564 0.134786 0.027835 0.042206
6 0.465464 0.980259 0.031959 0.039483
6 0.031787 0.868278 0.027835 0.036079
0 0.180069 0.937032 0.032990 0.034717
2 0.207732 0.964942 0.033333 0.027910
1 0.343814 0.699786 0.019588 0.062609
3 0.454811 0.782845 0.014777 0.058543
6 0.267650 0.718176 0.009716 0.061266
1 0.053608 0.769231 0.022680 0.068074
8 0.010137 0.822328 0.019588 0.028591
6 0.270790 0.517699 0.032990 0.055140
6 0.243127 0.502042 0.010653 0.046971
6 0.299485 0.379510 0.014777 0.056501
8 0.215636 0.441797 0.028522 0.068074
0 0.126804 0.355684 0.015120 0.074200
8 0.189863 0.156569 0.025086 0.091219
6 0.449485 0.227366 0.008935 0.043567
1 0.332818 0.045609 0.038144 0.069435
0 0.013918 0.160313 0.027148 0.036079
3 0.054639 0.076242 0.032990 0.038121
1 0.655670 0.644997 0.028866 0.044248