1 0.613727 0.116938 0.016963 0.051076
1 0.448491 0.306790 0.021012 0.048082
1 0.335701 0.451722 0.013770 0.039035
1 0.372500 0.534260 0.022792 0.044208
8 0.232070 0.707800 0.125591 0.055496
8 0.121189 0.888134 0.075433 0.068390
1 0.081936 0.822789 0.021046 0.027637
1 0.227148 0.980259 0.012371 0.031314
1 0.281787 0.908441 0.008247 0.027910
1 0.315292 0.985364 0.014089 0.027910
8 0.535567 0.869980 0.080069 0.251872
1 0.736770 0.819946 0.018557 0.042886
1 0.699354 0.951044 0.015298 0.031201
8 0.869534 0.774921 0.025482 0.070597