8 0.654983 0.565010 0.132646 0.437032
8 0.748110 0.475494 0.015808 0.094622
8 0.754124 0.586794 0.012027 0.099387
8 0.800344 0.631722 0.043299 0.073519
8 0.832474 0.551396 0.015464 0.175630
8 0.920962 0.472090 0.048110 0.225323
8 0.954467 0.597686 0.018213 0.113002
8 0.712371 0.939074 0.030241 0.121852
8 0.719244 0.432267 0.027491 0.050374
8 0.883505 0.359428 0.065292 0.163376
8 0.872509 0.180054 0.019931 0.018380
8 0.883333 0.139891 0.010653 0.040163
8 0.849485 0.059564 0.024742 0.066031
8 0.874399 0.067052 0.020962 0.052417
8 0.943471 0.042546 0.008591 0.056501
8 0.785911 0.280803 0.015120 0.037440
8 0.976976 0.299864 0.010997 0.033356
8 0.590148 0.204785 0.246735 0.264125
8 0.551890 0.066712 0.035052 0.051736
8 0.481443 0.017018 0.020619 0.032675
8 0.442268 0.115385 0.050172 0.109598
8 0.418213 0.151123 0.021306 0.038121
8 0.436770 0.436351 0.031615 0.076242
8 0.560481 0.342750 0.021993 0.023826
8 0.646048 0.365214 0.016495 0.040163
8 0.597938 0.271613 0.013746 0.061266
8 0.185395 0.756297 0.055326 0.140231
8 0.064605 0.689925 0.120962 0.289312
8 0.141941 0.548020 0.046015 0.080271
8 0.108247 0.512594 0.025430 0.019061
8 0.041074 0.134090 0.081462 0.266818
8 0.185739 0.192648 0.025086 0.061266
8 0.293471 0.272634 0.050172 0.136828
8 0.318557 0.138530 0.027491 0.031995
8 0.289175 0.107897 0.025086 0.019741
8 0.233849 0.137168 0.009966 0.046971
8 0.405326 0.373724 0.014777 0.032675
8 0.108419 0.056841 0.023711 0.018380
8 0.148380 0.131404 0.017766 0.017955
8 0.075414 0.143434 0.023748 0.022624
8 0.065715 0.133020 0.018129 0.011850
8 0.116240 0.454187 0.021826 0.022668
8 0.117698 0.344792 0.020275 0.044248
8 0.076289 0.386317 0.015808 0.021103
8 0.170595 0.332032 0.007205 0.054570
8 0.278522 0.959496 0.031271 0.071477
8 0.496048 0.977876 0.018900 0.036079
8 0.474227 0.869980 0.008935 0.039483
8 0.563574 0.733833 0.013746 0.035398
8 0.411856 0.736896 0.012027 0.055140
8 0.453780 0.707284 0.005155 0.029952
8 0.283333 0.733833 0.024399 0.028591
8 0.217526 0.973792 0.056357 0.046971
8 0.289519 0.991150 0.008591 0.009530
8 0.018729 0.929544 0.018213 0.089176
8 0.410825 0.687543 0.028522 0.057182
8 0.367354 0.823009 0.021993 0.078965
8 0.306179 0.822933 0.014973 0.025507
8 0.251230 0.736105 0.014673 0.020317
8 0.416601 0.513585 0.009433 0.048641
8 0.470276 0.469986 0.016170 0.051607
8 0.734592 0.536439 0.018114 0.052627
1 0.793203 0.939750 0.026675 0.027162
1 0.864171 0.956291 0.012632 0.015398
1 0.829758 0.927419 0.014089 0.037854
1 0.773636 0.721211 0.010545 0.022897
1 0.935077 0.702330 0.010140 0.022095
8 0.936192 0.622791 0.018454 0.034949
1 0.908542 0.492535 0.009531 0.024906
1 0.994933 0.414210 0.010135 0.049267
1 0.764287 0.431700 0.017409 0.038921
1 0.963316 0.122423 0.010943 0.019707
1 0.772930 0.235862 0.016912 0.043355
1 0.698567 0.220835 0.022881 0.033009
1 0.718183 0.013332 0.014611 0.025302
1 0.600078 0.010376 0.008208 0.019390
1 0.678732 0.276631 0.011192 0.016258
1 0.608348 0.319740 0.027109 0.030546
8 0.452843 0.233029 0.012684 0.012809
1 0.248969 0.921715 0.024399 0.044929
1 0.531787 0.798162 0.016151 0.055140
1 0.637285 0.876787 0.017526 0.025868
1 0.523024 0.604493 0.017869 0.046290
1 0.476117 0.670184 0.020275 0.044248
1 0.447079 0.495575 0.012371 0.025868
1 0.353436 0.457454 0.019588 0.027229
1 0.322680 0.671205 0.013058 0.025868
1 0.306873 0.688904 0.013746 0.043567
1 0.225601 0.645677 0.017526 0.057862
1 0.246220 0.538802 0.016151 0.052417
1 0.231787 0.514976 0.009966 0.017018
1 0.153952 0.517018 0.010309 0.034717
1 0.172344 0.372834 0.009786 0.031105
1 0.083505 0.413887 0.017182 0.031314
8 0.031443 0.266167 0.009966 0.025868
1 0.103436 0.234173 0.017182 0.054459
8 0.086770 0.113342 0.012027 0.015657