1 0.053952 0.317563 0.022680 0.034717
8 0.831271 0.228046 0.021993 0.093941
8 0.863058 0.284547 0.016151 0.019061
1 0.676976 0.784888 0.016495 0.032675
1 0.629897 0.796801 0.017869 0.053778
1 0.602577 0.830837 0.020962 0.053778
1 0.590206 0.692988 0.020962 0.047651
1 0.265464 0.677332 0.014777 0.051736
8 0.032990 0.805650 0.019931 0.019741
8 0.100687 0.139891 0.064605 0.071477
1 0.075601 0.113683 0.021993 0.034037
1 0.173024 0.321647 0.018900 0.022464
8 0.340206 0.627638 0.045361 0.020422
8 0.439691 0.213070 0.040206 0.027229
8 0.970275 0.629680 0.041581 0.072158