8 0.790365 0.708743 0.033854 0.180328
8 0.183529 0.775344 0.038934 0.324459
8 0.236458 0.730055 0.043750 0.030601
8 0.858594 0.831694 0.072396 0.028415
3 0.930990 0.846448 0.010938 0.062295
3 0.910417 0.817486 0.025000 0.067760
3 0.867708 0.866120 0.041667 0.022951
3 0.679688 0.850820 0.036458 0.038251
3 0.727604 0.723497 0.028125 0.034973
3 0.677865 0.657377 0.031771 0.020765
3 0.705469 0.573770 0.015104 0.069945
3 0.745573 0.473224 0.013021 0.050273
3 0.829688 0.654645 0.033333 0.034973
3 0.917708 0.397814 0.029167 0.048087
3 0.875781 0.427869 0.018229 0.062295
3 0.796354 0.438798 0.038542 0.049180
3 0.622396 0.325683 0.019792 0.059016
3 0.572656 0.297268 0.028646 0.034973
3 0.645052 0.249180 0.015104 0.063388
3 0.698177 0.195082 0.027604 0.033880
3 0.428385 0.166120 0.031771 0.048087
3 0.890885 0.188525 0.023438 0.081967
3 0.811719 0.204918 0.026562 0.064481
3 0.810937 0.159563 0.032292 0.026230
3 0.745833 0.187978 0.027083 0.048087
3 0.667448 0.148634 0.018229 0.052459
3 0.641406 0.146448 0.035938 0.037158
3 0.160156 0.187432 0.033854 0.046995
3 0.409635 0.478142 0.014062 0.073224
3 0.381771 0.577596 0.029167 0.051366
3 0.344010 0.589071 0.031771 0.050273
3 0.336458 0.879235 0.026042 0.053552
3 0.096615 0.667213 0.024479 0.025137
3 0.426302 0.522404 0.019271 0.056831
3 0.138281 0.871038 0.015104 0.063388
3 0.153906 0.854645 0.016146 0.069945
3 0.168490 0.839891 0.015104 0.066667
3 0.185937 0.855191 0.019792 0.071038
8 0.424219 0.557923 0.047396 0.055738
3 0.402344 0.183607 0.028646 0.059016