1 0.083333 0.537781 0.049828 0.069435
1 0.258419 0.665419 0.024055 0.041525
1 0.254639 0.705582 0.015120 0.025187
1 0.252749 0.522124 0.018900 0.031314
1 0.211512 0.460177 0.013402 0.024506
1 0.246392 0.317223 0.024742 0.032675
8 0.362027 0.540163 0.016838 0.079646
8 0.335739 0.745405 0.055670 0.084411
8 0.373368 0.456093 0.030584 0.023145
8 0.367869 0.293737 0.069072 0.061947
8 0.379381 0.234173 0.032990 0.085773
1 0.489175 0.240980 0.012027 0.031314
1 0.546735 0.241661 0.022680 0.040844
1 0.582646 0.287270 0.025773 0.035398
8 0.542784 0.287951 0.036082 0.092580
8 0.560309 0.602451 0.014777 0.096664
1 0.696735 0.734173 0.014089 0.046971
1 0.757732 0.724302 0.019931 0.029952
1 0.717714 0.684820 0.012741 0.029952
1 0.803608 0.653506 0.027835 0.043567
8 0.740034 0.289312 0.018900 0.046290
1 0.785567 0.057862 0.019931 0.043567
1 0.943814 0.329476 0.030584 0.055820
1 0.919759 0.283867 0.013402 0.043567
1 0.851890 0.170865 0.019244 0.024506
1 0.960825 0.281824 0.012371 0.027229
1 0.970275 0.369299 0.018900 0.026549