4 0.917210 0.868560 0.025580 0.064729
4 0.899333 0.838838 0.028000 0.050198
4 0.907000 0.791281 0.027333 0.042272
4 0.919667 0.752312 0.022000 0.072655
8 0.808667 0.909511 0.028000 0.080581
4 0.745333 0.922721 0.016000 0.027741
4 0.728333 0.813738 0.032667 0.039630
4 0.826667 0.674229 0.032000 0.038597
4 0.802000 0.709379 0.028000 0.052840
4 0.785667 0.628137 0.028667 0.040951
4 0.869667 0.614098 0.030000 0.037326
4 0.791000 0.580581 0.023333 0.056803
4 0.924798 0.557622 0.019738 0.063725
4 0.840000 0.505945 0.026667 0.031704
4 0.733667 0.529181 0.027333 0.069775
4 0.733667 0.581242 0.015333 0.029062
4 0.871534 0.350608 0.021735 0.059682
4 0.843667 0.227213 0.034000 0.039630
4 0.769400 0.244386 0.017200 0.042272
8 0.859271 0.029723 0.018792 0.056803
4 0.363667 0.812417 0.027333 0.036988
4 0.346333 0.778732 0.026000 0.038309
4 0.206333 0.680978 0.012667 0.030383
4 0.200494 0.622193 0.024345 0.066050
4 0.190000 0.566711 0.024000 0.042272
4 0.203329 0.430565 0.024009 0.045078
4 0.362333 0.441215 0.027333 0.060766
4 0.386667 0.435931 0.024000 0.044914
4 0.173000 0.329590 0.028667 0.035667
4 0.162230 0.161823 0.016873 0.062087