4 0.110333 0.269485 0.020667 0.060766
4 0.084000 0.163144 0.014667 0.040951
4 0.071000 0.326948 0.023333 0.043593
4 0.250000 0.235799 0.032000 0.046235
4 0.167779 0.371863 0.021776 0.059445
4 0.126504 0.394867 0.017761 0.059606
4 0.078667 0.409511 0.021333 0.066050
4 0.097347 0.424042 0.023973 0.031704
4 0.202000 0.461030 0.028000 0.055482
4 0.252036 0.374505 0.027927 0.033025
4 0.234693 0.339498 0.024581 0.042272
4 0.071667 0.474240 0.012667 0.021136
4 0.145667 0.538309 0.022000 0.035667
4 0.169718 0.501951 0.018103 0.044975
4 0.096667 0.675526 0.025333 0.035333
4 0.170592 0.670363 0.023431 0.059055
4 0.246112 0.673052 0.029557 0.059445
4 0.280094 0.665492 0.023045 0.062707
4 0.183667 0.741083 0.024667 0.034346
4 0.437241 0.757735 0.012185 0.024820
4 0.520000 0.803831 0.021333 0.027741
4 0.700333 0.119904 0.015333 0.029678
8 0.802000 0.097094 0.077333 0.143989
4 0.633551 0.261669 0.028697 0.050419
4 0.686333 0.251403 0.028667 0.046732
4 0.788530 0.287979 0.026393 0.055482
4 0.623667 0.326948 0.026000 0.035667
4 0.640333 0.363276 0.035333 0.060766
4 0.724667 0.444093 0.030667 0.040102
4 0.875333 0.477543 0.024000 0.056803
4 0.696000 0.496037 0.026667 0.043593
4 0.661667 0.523118 0.020667 0.026420
4 0.629160 0.572655 0.034320 0.040951
4 0.661000 0.582182 0.026000 0.053601
4 0.727667 0.572655 0.032667 0.038309
4 0.583000 0.677675 0.020667 0.060766
4 0.599333 0.637693 0.018667 0.045618
4 0.783228 0.521392 0.012211 0.032514
4 0.781667 0.819683 0.032667 0.038309
4 0.955000 0.415456 0.012667 0.019815
4 0.044000 0.145310 0.013333 0.026420