2 0.742440 0.363853 0.023711 0.051055
2 0.780241 0.412866 0.027835 0.030633
2 0.853780 0.610960 0.018900 0.040163
2 0.690034 0.687202 0.014433 0.072839
2 0.865979 0.436351 0.014433 0.050374
2 0.816667 0.294078 0.034708 0.043567
8 0.827320 0.349898 0.021649 0.023145
2 0.655326 0.142274 0.026804 0.054459
8 0.887801 0.621852 0.009966 0.018380
2 0.445017 0.747107 0.030928 0.044248
2 0.367526 0.903336 0.017526 0.074881
2 0.360825 0.703199 0.021993 0.050374
2 0.306873 0.531314 0.031615 0.034717
2 0.248110 0.632063 0.032990 0.033356
2 0.185052 0.927842 0.034708 0.034037
2 0.193986 0.538462 0.014777 0.065351
2 0.076632 0.555140 0.030928 0.055140
2 0.048282 0.752212 0.014777 0.073519
2 0.467869 0.335943 0.017526 0.055140
2 0.383849 0.327434 0.020619 0.069435
2 0.316667 0.232131 0.020962 0.058543
2 0.059278 0.377127 0.014777 0.083050
2 0.026976 0.039142 0.028522 0.044248
8 0.182818 0.232131 0.010997 0.021784
2 0.377148 0.020762 0.037457 0.040163