4 0.926333 0.857332 0.023333 0.050198
4 0.899000 0.840159 0.031333 0.047556
4 0.915667 0.801849 0.016667 0.050198
4 0.870788 0.776171 0.019829 0.066345
4 0.729135 0.838838 0.029729 0.036988
4 0.700460 0.838304 0.028921 0.043847
4 0.694780 0.891678 0.016227 0.042272
4 0.616054 0.758974 0.026559 0.046120
4 0.792000 0.639366 0.016000 0.029062
4 0.662000 0.542933 0.017333 0.031704
4 0.724667 0.506605 0.032000 0.038309
4 0.899000 0.310436 0.036667 0.052840
4 0.918333 0.282034 0.018000 0.059445
4 0.766906 0.357332 0.016855 0.067371
4 0.744419 0.386226 0.026171 0.043929
4 0.746857 0.339003 0.031047 0.053830
4 0.714474 0.364080 0.024948 0.048590
4 0.739300 0.285192 0.022105 0.053129
4 0.719667 0.293456 0.023333 0.070947
4 0.707667 0.241413 0.024667 0.040291
4 0.707333 0.206737 0.010667 0.025099
4 0.141942 0.865258 0.030783 0.063408
4 0.170814 0.795913 0.030962 0.043577
4 0.233774 0.787979 0.023118 0.064729
4 0.263817 0.755664 0.024558 0.063308
4 0.298455 0.814833 0.028589 0.048009
4 0.240140 0.655878 0.019721 0.064729
4 0.288558 0.520205 0.019060 0.058666
4 0.210092 0.496697 0.016183 0.044914
4 0.397000 0.247688 0.030000 0.043593
8 0.021333 0.274108 0.034667 0.080581