6 0.360137 0.097345 0.028179 0.053097
6 0.256014 0.089176 0.039863 0.042206
8 0.279210 0.174609 0.070447 0.286590
6 0.415808 0.239619 0.023368 0.034037
6 0.427663 0.200817 0.007904 0.039483
6 0.422165 0.311777 0.028522 0.073519
1 0.426117 0.037781 0.033677 0.044248
2 0.253436 0.370320 0.023711 0.070796
0 0.384021 0.361811 0.014089 0.072839
6 0.428179 0.428182 0.024742 0.053097
8 0.150859 0.218516 0.024742 0.051736
6 0.113746 0.216474 0.026117 0.040844
6 0.060309 0.319605 0.009278 0.078285
0 0.124055 0.519061 0.031615 0.042886
3 0.049313 0.420694 0.031271 0.031314
6 0.258419 0.574200 0.041237 0.045609
6 0.285223 0.502383 0.017869 0.062628
8 0.338660 0.764466 0.020275 0.156569
1 0.320790 0.718516 0.028522 0.052417
6 0.366151 0.695711 0.009966 0.063989
6 0.191924 0.746767 0.044330 0.024506
6 0.075430 0.763104 0.034021 0.021784
6 0.087457 0.791355 0.022337 0.033356
6 0.083505 0.938393 0.040550 0.033356
6 0.162715 0.892784 0.023024 0.048332
6 0.185739 0.827774 0.013402 0.072158
3 0.230756 0.796120 0.028522 0.038802
6 0.286254 0.826753 0.035052 0.026549
6 0.226460 0.835943 0.010309 0.050374
8 0.437113 0.654527 0.030241 0.135466
0 0.777491 0.066031 0.017526 0.066712
3 0.695533 0.040844 0.021306 0.050374
6 0.740034 0.162015 0.016151 0.070796
6 0.588660 0.336624 0.030241 0.042886
6 0.882818 0.184820 0.013058 0.067393
1 0.743986 0.482982 0.020619 0.097345
3 0.852405 0.425459 0.015464 0.066712
6 0.948454 0.504765 0.035739 0.021103
6 0.765120 0.472090 0.024399 0.027910
6 0.771821 0.588496 0.027491 0.045609
8 0.979897 0.405378 0.026460 0.051055
8 0.988316 0.072498 0.022680 0.081007
1 0.539863 0.728046 0.018557 0.132743
0 0.909278 0.708645 0.013746 0.073519
6 0.902749 0.788972 0.013746 0.074881
6 0.740206 0.760041 0.016495 0.055140
6 0.729210 0.889721 0.021993 0.057182
6 0.617526 0.911504 0.036426 0.027229
6 0.855842 0.907760 0.035395 0.023826
6 0.907904 0.924438 0.026117 0.036760
8 0.874914 0.755616 0.017182 0.035398
8 0.885395 0.418652 0.022337 0.038121
8 0.092096 0.122532 0.026804 0.029952
8 0.047251 0.370320 0.033333 0.038121