2 0.144158 0.162015 0.019588 0.078965
2 0.324742 0.273315 0.032302 0.046971
2 0.449141 0.283867 0.020619 0.058543
2 0.472337 0.193329 0.031271 0.040844
2 0.027491 0.482301 0.014433 0.041525
2 0.486082 0.554799 0.015464 0.032675
2 0.333333 0.884956 0.016495 0.062628
2 0.232302 0.971069 0.026117 0.056501
8 0.397079 0.965963 0.014089 0.066712
2 0.537113 0.128659 0.013058 0.065351
2 0.656873 0.282165 0.017526 0.072839
2 0.799828 0.081007 0.013402 0.044929
2 0.658076 0.426140 0.031615 0.035398
2 0.675945 0.618788 0.031615 0.069435
8 0.541409 0.670524 0.012715 0.021784
8 0.739519 0.659632 0.068041 0.087134
2 0.774914 0.587815 0.030241 0.060585
2 0.851375 0.703199 0.019588 0.073519
2 0.888144 0.739619 0.020962 0.055140
2 0.920275 0.705242 0.015120 0.073519
2 0.955326 0.676991 0.019931 0.053778
2 0.945704 0.554118 0.015120 0.053097
2 0.659107 0.793057 0.017869 0.083050
2 0.548282 0.925800 0.031271 0.066712
2 0.843471 0.973451 0.023024 0.051736