2 0.797595 0.979918 0.041237 0.040163
2 0.764605 0.950647 0.025430 0.037440
2 0.540378 0.918993 0.032646 0.051736
2 0.995361 0.732811 0.009278 0.023826
2 0.828351 0.689925 0.016838 0.068754
2 0.530368 0.701157 0.028611 0.050374
2 0.988460 0.402010 0.021593 0.040092
2 0.792096 0.470728 0.019931 0.063308
2 0.836942 0.250511 0.012715 0.032675
8 0.773540 0.250851 0.008247 0.015657
8 0.909966 0.253574 0.006873 0.012934
2 0.746392 0.179714 0.026117 0.042206
2 0.964661 0.019625 0.033790 0.037888
2 0.302921 0.847856 0.015464 0.059224
2 0.373883 0.814840 0.019244 0.057182
2 0.312887 0.779782 0.020962 0.059224
2 0.186770 0.931926 0.034021 0.029952
2 0.062715 0.772634 0.029210 0.050374
2 0.028007 0.786249 0.014777 0.061266
2 0.293127 0.340368 0.036426 0.040844
8 0.374742 0.094282 0.009966 0.021103
8 0.446735 0.038121 0.014433 0.023145
2 0.382646 0.069435 0.027835 0.029952
2 0.292955 0.136828 0.016151 0.069435