4 0.604409 0.918758 0.021849 0.051519
4 0.706000 0.790162 0.028000 0.033943
4 0.771358 0.799207 0.027950 0.050198
4 0.841667 0.832719 0.019333 0.025620
4 0.862088 0.799868 0.029157 0.040951
4 0.890667 0.778071 0.028000 0.031704
4 0.817333 0.568692 0.021333 0.067371
4 0.850333 0.631440 0.023333 0.034346
4 0.697941 0.574297 0.029452 0.048236
4 0.868355 0.443197 0.024624 0.048877
4 0.724647 0.322240 0.026706 0.050367
4 0.825247 0.259577 0.017506 0.048877
4 0.876643 0.181466 0.025381 0.050938
4 0.853667 0.322325 0.019333 0.031704
4 0.341333 0.929326 0.021333 0.043594
4 0.351259 0.683620 0.032148 0.064729
4 0.359000 0.518590 0.023333 0.049070
8 0.341028 0.582759 0.046056 0.253240
4 0.304535 0.365218 0.024125 0.059524
4 0.075607 0.346103 0.023453 0.073976
4 0.329508 0.215406 0.028985 0.034182
4 0.350667 0.154135 0.021333 0.058968
4 0.267755 0.190885 0.015424 0.051519
4 0.262000 0.138705 0.018667 0.055482
4 0.231000 0.237527 0.030000 0.053347
4 0.170422 0.226552 0.031157 0.048877
4 0.212756 0.068032 0.024178 0.077939
4 0.117333 0.291942 0.014667 0.042272