2 0.691924 0.937372 0.016151 0.078965
2 0.954811 0.865895 0.014777 0.059905
2 0.976289 0.778421 0.035739 0.029272
2 0.709794 0.796801 0.014777 0.022464
2 0.849485 0.610619 0.020619 0.066712
2 0.714433 0.436692 0.015808 0.070116
2 0.912543 0.475153 0.016151 0.050374
2 0.966838 0.252893 0.018900 0.070116
2 0.570619 0.414568 0.026460 0.047651
2 0.531271 0.407420 0.027491 0.061947
2 0.739519 0.275017 0.039863 0.031314
2 0.762887 0.248809 0.030928 0.036079
2 0.779897 0.154527 0.029210 0.068074
2 0.958763 0.166099 0.029553 0.042206
2 0.751890 0.133084 0.036426 0.057862
2 0.742784 0.113342 0.033333 0.046971
8 0.561168 0.280123 0.012371 0.026549
2 0.377148 0.920354 0.023024 0.050374
2 0.204639 0.877808 0.027148 0.072839
8 0.398110 0.703199 0.013402 0.025868
8 0.350172 0.212730 0.010309 0.023826
2 0.414948 0.462560 0.034021 0.031995
2 0.410309 0.424098 0.027491 0.046290
2 0.262715 0.470048 0.025773 0.072839
2 0.291581 0.328114 0.023024 0.073519
2 0.459450 0.215793 0.026804 0.049013
2 0.320275 0.078965 0.043986 0.034037