1 0.027320 0.127526 0.035395 0.041850
1 0.139235 0.096696 0.031734 0.074818
1 0.293471 0.039823 0.029553 0.079646
2 0.342268 0.061266 0.027491 0.069435
6 0.114774 0.133222 0.017864 0.073935
6 0.112438 0.104392 0.017370 0.061845
8 0.009794 0.218516 0.019588 0.046290
6 0.189245 0.140310 0.008451 0.050217
8 0.221134 0.247107 0.023711 0.051736
6 0.333849 0.158271 0.007904 0.048332
0 0.135911 0.378829 0.016838 0.072839
2 0.263746 0.405037 0.034021 0.032675
6 0.393338 0.433751 0.012335 0.064233
2 0.427148 0.473451 0.029553 0.031995
6 0.260825 0.512253 0.026117 0.052417
8 0.258076 0.323349 0.020619 0.038121
6 0.081787 0.616065 0.034364 0.020422
6 0.016667 0.617427 0.016151 0.050374
6 0.030241 0.754935 0.026117 0.055820
8 0.063402 0.752553 0.033333 0.059224
6 0.216495 0.841389 0.010309 0.069435
0 0.270275 0.645337 0.017526 0.066712
1 0.263952 0.810200 0.013134 0.065602
3 0.386598 0.816882 0.033677 0.046290
6 0.274376 0.617358 0.014640 0.063102
3 0.473368 0.789993 0.023711 0.063308
6 0.431959 0.818584 0.010997 0.094622
6 0.450344 0.988623 0.040206 0.021393
1 0.424055 0.897890 0.016495 0.055820
3 0.733162 0.044929 0.025773 0.074881
1 0.739347 0.191287 0.034708 0.072158
3 0.489003 0.183118 0.033677 0.040844
2 0.517182 0.321988 0.037801 0.031314
2 0.669689 0.118788 0.034021 0.036079
1 0.648625 0.150102 0.020962 0.078285
0 0.708076 0.297481 0.029897 0.029952
6 0.543643 0.080667 0.021306 0.026549
6 0.564770 0.062443 0.023984 0.050679
6 0.636942 0.077928 0.036770 0.019709
1 0.671306 0.084071 0.030584 0.030633
6 0.679381 0.289993 0.019244 0.046290
6 0.797873 0.225323 0.039045 0.039483
0 0.941924 0.174949 0.030928 0.047651
6 0.933677 0.313138 0.015120 0.065351
2 0.873711 0.335602 0.017526 0.043567
6 0.775945 0.420694 0.046048 0.025868
8 0.875773 0.394826 0.027148 0.077604
6 0.564433 0.532675 0.023024 0.056501
3 0.537801 0.577263 0.026804 0.058543
3 0.594674 0.716814 0.031271 0.058543
2 0.896220 0.908441 0.024055 0.063308
1 0.753550 0.904449 0.018037 0.124114
6 0.856028 0.700322 0.031242 0.031069
6 0.888667 0.868436 0.035559 0.023145
6 0.900065 0.604912 0.010731 0.064655
2 0.882571 0.587176 0.029971 0.064403
6 0.720268 0.587553 0.014478 0.042767
8 0.378179 0.878829 0.018900 0.036760