0 0.291237 0.081348 0.025773 0.027910
0 0.232131 0.140231 0.025773 0.055820
0 0.375086 0.263785 0.035395 0.030633
0 0.355155 0.414227 0.020962 0.074200
0 0.322509 0.480599 0.016838 0.083050
0 0.009622 0.183118 0.013746 0.058543
0 0.021649 0.369980 0.034364 0.038802
0 0.106873 0.734513 0.036426 0.044929
0 0.058935 0.898230 0.038832 0.033356
0 0.040378 0.929884 0.040893 0.031314
0 0.219244 0.826174 0.028866 0.052619
0 0.284192 0.811436 0.032302 0.031314
0 0.324914 0.716474 0.027835 0.060585
0 0.352062 0.942138 0.036082 0.043567
0 0.503608 0.056501 0.034708 0.073519
0 0.614089 0.171886 0.018557 0.057862
0 0.664948 0.132743 0.021306 0.070796
0 0.756014 0.162015 0.017182 0.076242
0 0.848454 0.228727 0.037113 0.044929
0 0.675945 0.343771 0.042612 0.034037
0 0.536082 0.459496 0.025430 0.035398
0 0.927491 0.437372 0.039863 0.041525
0 0.604296 0.613342 0.034708 0.044929
0 0.926289 0.560585 0.042268 0.031995
0 0.715292 0.704901 0.038832 0.034717
0 0.688488 0.760041 0.023024 0.066031
0 0.553780 0.834241 0.038144 0.037440
0 0.600172 0.834241 0.041581 0.031995
0 0.702405 0.891082 0.017869 0.076242
0 0.740206 0.813819 0.038488 0.046971
0 0.863574 0.739959 0.039863 0.027229
0 0.937629 0.700477 0.038832 0.032675
0 0.844442 0.650996 0.027267 0.030888
0 0.779210 0.912526 0.017526 0.071477
0 0.626804 0.924098 0.027491 0.025187
0 0.393182 0.274071 0.026773 0.044049
0 0.034616 0.584598 0.022878 0.057982
0 0.054166 0.590856 0.017868 0.071089
0 0.536357 0.885036 0.013014 0.061681
0 0.537177 0.922925 0.023778 0.049513
0 0.740683 0.716164 0.020847 0.030973
0 0.967628 0.627988 0.014760 0.058115
0 0.986785 0.609579 0.025742 0.025628
0 0.806347 0.431133 0.030903 0.027007
0 0.550291 0.084456 0.020341 0.054948
0 0.565187 0.060391 0.011095 0.044263
0 0.102420 0.708653 0.020213 0.033989