1 0.853952 0.900272 0.019244 0.076923
8 0.832990 0.886998 0.013058 0.049013
8 0.803265 0.953029 0.011340 0.053097
0 0.941581 0.894486 0.022680 0.061266
2 0.891554 0.731110 0.016891 0.074881
1 0.759107 0.668822 0.024055 0.113683
6 0.736426 0.816542 0.013058 0.051055
6 0.887801 0.603812 0.031271 0.063989
6 0.838660 0.615044 0.023024 0.033356
6 0.774914 0.706603 0.015120 0.059905
6 0.633162 0.799523 0.027148 0.055140
6 0.542096 0.864874 0.014089 0.057862
8 0.514948 0.609598 0.062887 0.116406
6 0.549828 0.600749 0.012371 0.055140
6 0.760653 0.517018 0.024399 0.023826
6 0.848454 0.460858 0.041237 0.032675
1 0.877320 0.431586 0.019244 0.054459
6 0.973265 0.440879 0.017869 0.059224
6 0.745533 0.359088 0.029210 0.030633
6 0.960137 0.272634 0.026117 0.083730
6 0.907560 0.238598 0.021993 0.068754
8 0.737801 0.317223 0.024742 0.036760
6 0.692268 0.321988 0.024399 0.068074
6 0.889863 0.132743 0.038144 0.028591
6 0.636254 0.288291 0.034021 0.034717
6 0.608763 0.155888 0.010653 0.078965
6 0.605842 0.381892 0.027491 0.039483
6 0.567182 0.247447 0.008591 0.064670
1 0.573024 0.359428 0.025773 0.104833
3 0.596907 0.356025 0.019244 0.072158
6 0.547595 0.417971 0.012715 0.077604
8 0.696048 0.482982 0.034021 0.046971
3 0.538316 0.765487 0.025773 0.067393
8 0.800172 0.650102 0.045704 0.058543
0 0.474742 0.969707 0.036770 0.030633
8 0.269759 0.960177 0.036426 0.056501
6 0.357560 0.941116 0.028522 0.019741
1 0.208076 0.863172 0.036770 0.122532
3 0.288832 0.726344 0.025086 0.061266
1 0.059966 0.692648 0.037457 0.067393
0 0.038660 0.725664 0.027835 0.032675
6 0.404811 0.583390 0.020619 0.084411
6 0.014777 0.695031 0.017869 0.059905
6 0.082990 0.624234 0.025773 0.038121
6 0.219588 0.506467 0.014433 0.046290
6 0.370790 0.427161 0.023368 0.064670
1 0.070103 0.375425 0.021306 0.082369
8 0.104124 0.306671 0.063918 0.206263
0 0.134536 0.289653 0.023711 0.053778
0 0.157388 0.298502 0.032990 0.029272
0 0.312371 0.179374 0.013058 0.057862
0 0.427799 0.179374 0.025430 0.067393
0 0.112199 0.168436 0.029897 0.029179
2 0.447423 0.135126 0.032302 0.066031
6 0.012371 0.366916 0.013058 0.057182
8 0.371306 0.295099 0.025773 0.056501
6 0.421422 0.770167 0.018192 0.044067
6 0.236258 0.673708 0.014925 0.048046
6 0.222763 0.688396 0.026883 0.056927
6 0.327360 0.512696 0.036667 0.016141
6 0.328745 0.493972 0.019230 0.018724
6 0.224936 0.344989 0.034549 0.023244
6 0.235896 0.324651 0.033000 0.020015
0 0.146387 0.518991 0.022163 0.051006
6 0.217724 0.885115 0.012071 0.059261
6 0.867824 0.246935 0.026792 0.025476
6 0.846926 0.259201 0.026912 0.013210
8 0.888425 0.667928 0.055427 0.087623
6 0.260230 0.914404 0.013655 0.040019
6 0.024136 0.768595 0.007732 0.035201