2 0.296907 0.044588 0.039863 0.041525
0 0.395533 0.044929 0.030241 0.043567
6 0.266495 0.090196 0.023024 0.063311
1 0.368213 0.284547 0.041581 0.035398
1 0.057904 0.304629 0.036770 0.060585
6 0.148797 0.429544 0.015808 0.083050
6 0.014777 0.459682 0.029553 0.035771
6 0.333333 0.227706 0.020619 0.040163
6 0.359622 0.388019 0.031271 0.063989
6 0.053265 0.590173 0.041924 0.019110
6 0.125421 0.811482 0.027509 0.047743
3 0.057560 0.834241 0.025773 0.076923
6 0.009622 0.869639 0.019244 0.030633
6 0.352921 0.911668 0.050172 0.024834
1 0.646392 0.215112 0.019244 0.129340
6 0.614605 0.133424 0.038144 0.032675
6 0.784821 0.201239 0.013177 0.069953
6 0.506873 0.262083 0.023368 0.058543
6 0.564433 0.276719 0.014777 0.053778
6 0.605498 0.344112 0.043299 0.037440
6 0.697251 0.319192 0.032990 0.027083
3 0.715808 0.351259 0.021993 0.069435
1 0.783162 0.254595 0.028866 0.036760
1 0.730069 0.126617 0.014089 0.047651
0 0.608247 0.415248 0.032302 0.051736
6 0.667698 0.376627 0.034364 0.024868
6 0.663918 0.506467 0.014433 0.062628
0 0.703780 0.606195 0.026117 0.053778
0 0.779381 0.603472 0.015808 0.076923
0 0.836730 0.557522 0.019164 0.068074
1 0.519931 0.679374 0.029553 0.070796
8 0.656529 0.812798 0.080069 0.205582
6 0.762546 0.604152 0.010304 0.064670
6 0.676632 0.910824 0.025430 0.057182
6 0.544502 0.748809 0.036082 0.032675
6 0.886942 0.852280 0.012371 0.076242
6 0.907216 0.966304 0.022680 0.066031
3 0.930241 0.844792 0.033677 0.070796
2 0.879038 0.911504 0.015808 0.059905
0 0.716235 0.164057 0.015287 0.074881
6 0.355881 0.511572 0.023633 0.036079
6 0.498969 0.637849 0.019931 0.057182
8 0.272337 0.374745 0.019588 0.046971
8 0.903265 0.187883 0.028522 0.038121
8 0.951890 0.490470 0.018557 0.026549
6 0.810137 0.701498 0.035395 0.019741
6 0.904811 0.781144 0.010997 0.044248
0 0.849313 0.627978 0.015464 0.064670
8 0.914948 0.658952 0.027148 0.073519
8 0.985567 0.777059 0.028179 0.029272
1 0.689519 0.966984 0.018213 0.064670
6 0.710137 0.941116 0.025086 0.048332
8 0.286254 0.487066 0.026117 0.025187
8 0.212199 0.589176 0.023711 0.051055
8 0.408076 0.310075 0.023024 0.051055
8 0.241065 0.171205 0.026460 0.037440
6 0.202749 0.167801 0.008935 0.049694
6 0.143986 0.113002 0.051546 0.025868
6 0.359278 0.080327 0.009278 0.044929
8 0.709107 0.095984 0.016151 0.034037
8 0.777835 0.735194 0.041581 0.049013