1 0.654296 0.650102 0.021306 0.043567
1 0.343127 0.426481 0.015464 0.036079
1 0.107388 0.347515 0.016151 0.023826
8 0.152234 0.532675 0.057045 0.017018
1 0.415292 0.818584 0.016151 0.041525
1 0.365292 0.868278 0.010309 0.022464
1 0.548969 0.764125 0.012715 0.037440
1 0.576117 0.745745 0.015464 0.021103
1 0.580584 0.851600 0.015464 0.029952
1 0.709966 0.613002 0.010309 0.036079
1 0.818900 0.656909 0.013746 0.029952
1 0.848282 0.825391 0.014089 0.030633
8 0.860481 0.678353 0.040550 0.074200
1 0.658935 0.112662 0.025773 0.029272