8 0.403436 0.050715 0.021993 0.101430
0 0.206873 0.216474 0.036426 0.065351
6 0.175086 0.235194 0.020275 0.066031
0 0.079553 0.172226 0.029897 0.051736
3 0.042784 0.266167 0.029210 0.047651
1 0.266838 0.366916 0.030584 0.104833
6 0.344845 0.250511 0.021649 0.057182
0 0.203608 0.433794 0.015464 0.071129
6 0.084536 0.443499 0.024742 0.056501
2 0.285911 0.668142 0.017182 0.082369
6 0.073711 0.578625 0.028522 0.038121
6 0.134880 0.519061 0.022337 0.031995
6 0.217182 0.591899 0.024742 0.048332
6 0.070103 0.679033 0.027491 0.040163
6 0.053952 0.772294 0.016495 0.087815
1 0.040034 0.687883 0.040206 0.052417
6 0.287629 0.870320 0.010997 0.083730
0 0.312027 0.765487 0.018557 0.066031
6 0.314850 0.882174 0.036967 0.024388
6 0.343643 0.820967 0.034364 0.020422
3 0.428866 0.799864 0.018557 0.063989
6 0.424914 0.931586 0.012027 0.031995
6 0.462715 0.912185 0.014089 0.068074
6 0.480928 0.441116 0.014777 0.044929
3 0.453312 0.490633 0.027672 0.056779
0 0.460707 0.469945 0.031789 0.036545
6 0.398547 0.384936 0.039631 0.034611
6 0.555670 0.087815 0.030928 0.043567
6 0.508247 0.145337 0.014433 0.071477
1 0.551434 0.127638 0.027717 0.030633
6 0.557216 0.206263 0.038832 0.023145
6 0.530412 0.244724 0.036082 0.021103
6 0.635567 0.299183 0.021649 0.064670
6 0.778522 0.268210 0.016151 0.059905
3 0.549141 0.395167 0.021306 0.066031
3 0.515979 0.501021 0.027148 0.058543
3 0.610137 0.676991 0.025086 0.061947
8 0.687973 0.639891 0.021993 0.236896
3 0.871821 0.389721 0.019931 0.059224
0 0.900172 0.400953 0.027835 0.044929
8 0.901031 0.491831 0.053608 0.086453
6 0.957560 0.435330 0.027835 0.029272
2 0.918385 0.081007 0.034021 0.049013
6 0.959794 0.173247 0.009622 0.041525
6 0.858591 0.318924 0.012715 0.029272
1 0.946048 0.613342 0.051546 0.049013
2 0.812027 0.704901 0.032302 0.063308
6 0.656014 0.716814 0.021993 0.070796
6 0.608076 0.755956 0.021649 0.045609
8 0.666667 0.806331 0.081787 0.117767
1 0.665292 0.888241 0.062543 0.046053
2 0.648746 0.915910 0.036324 0.046428
6 0.753780 0.790674 0.027148 0.053778
6 0.880412 0.849898 0.030928 0.053778
6 0.936082 0.807352 0.028866 0.032675
6 0.964433 0.821307 0.018900 0.060585
6 0.906347 0.888349 0.027168 0.050396
6 0.892955 0.912185 0.024399 0.063989
6 0.865064 0.575082 0.029830 0.087792
6 0.436724 0.733444 0.015703 0.053540
1 0.478694 0.071818 0.048110 0.040163
8 0.640550 0.955071 0.019931 0.036760
8 0.663402 0.963240 0.016151 0.027229
8 0.611856 0.963581 0.018900 0.022464
6 0.231959 0.199115 0.013058 0.051055
1 0.889519 0.598026 0.029210 0.068754