2 0.650344 0.803608 0.021649 0.057862
2 0.877835 0.695711 0.017526 0.043567
2 0.541065 0.704221 0.027835 0.053778
2 0.610653 0.454731 0.014433 0.047651
2 0.683677 0.455752 0.012715 0.060585
8 0.585739 0.466304 0.014089 0.025868
2 0.521134 0.420014 0.027148 0.058543
2 0.615292 0.317223 0.015464 0.054459
2 0.734880 0.272975 0.019588 0.069435
2 0.963402 0.240980 0.024399 0.049013
8 0.884708 0.203540 0.012027 0.023145
2 0.658247 0.104833 0.023711 0.058543
2 0.592268 0.113002 0.032646 0.034037
2 0.547423 0.091559 0.017869 0.076923
8 0.530241 0.050715 0.013058 0.030633
8 0.498454 0.054459 0.014089 0.023145
2 0.281100 0.962219 0.035739 0.034717
2 0.242268 0.953029 0.019931 0.055820
2 0.382818 0.994214 0.014433 0.011572
2 0.350515 0.811096 0.030241 0.048332
2 0.351031 0.659632 0.014089 0.058543
2 0.274914 0.545269 0.032990 0.031314
2 0.259450 0.287611 0.028179 0.059224
2 0.455670 0.320626 0.021993 0.046290
2 0.399485 0.207965 0.013402 0.027910
2 0.405670 0.058884 0.024399 0.044248
2 0.159966 0.102451 0.018213 0.049694
2 0.085395 0.441457 0.018213 0.081007
8 0.012887 0.271954 0.014089 0.025187