8 0.218024 0.556400 0.078148 0.140600
1 0.252770 0.531905 0.014591 0.022045
1 0.383581 0.868689 0.017729 0.042750
1 0.791953 0.628804 0.018720 0.056217
1 0.883136 0.876574 0.017210 0.052951
1 0.838842 0.718267 0.006890 0.028932
1 0.783924 0.456792 0.013504 0.032207
1 0.682601 0.320593 0.019205 0.022927
1 0.548573 0.395370 0.009376 0.028700
1 0.618879 0.088389 0.023846 0.025887
8 0.395583 0.088952 0.023865 0.031514
1 0.550277 0.097956 0.016194 0.031514
8 0.544027 0.118496 0.042332 0.032077
1 0.394730 0.299702 0.017614 0.029826
1 0.086273 0.202973 0.019781 0.036843
1 0.205778 0.108528 0.016108 0.039766
8 0.870117 0.407877 0.069354 0.055564