6 0.398724 0.082499 0.056810 0.040668
6 0.247938 0.239883 0.058759 0.061001
6 0.148126 0.346839 0.048815 0.091096
6 0.269972 0.460393 0.050039 0.020154
6 0.404615 0.226056 0.066068 0.038227
7 0.259969 0.412548 0.008980 0.030989
6 0.382192 0.281349 0.015964 0.079708
6 0.399486 0.270099 0.021950 0.058496
7 0.425564 0.315605 0.008148 0.048770
7 0.423832 0.389522 0.021076 0.018797
6 0.402650 0.383116 0.009074 0.097290
7 0.077214 0.496681 0.021869 0.014198
6 0.023771 0.581834 0.045522 0.029616
6 0.241025 0.608323 0.044848 0.053048
8 0.158726 0.557635 0.027299 0.061631
6 0.275028 0.681385 0.040157 0.038664
6 0.209057 0.754867 0.044020 0.074046
7 0.121718 0.891203 0.022711 0.024386
6 0.196275 0.878518 0.035099 0.080600
7 0.279376 0.933769 0.017551 0.028820
6 0.322332 0.818691 0.009176 0.055830
6 0.185837 0.970349 0.030740 0.038131
8 0.560668 0.946231 0.029286 0.106048
7 0.561614 0.909175 0.005278 0.027975
6 0.551273 0.849022 0.013542 0.117784
6 0.508290 0.868878 0.044406 0.020308
7 0.507144 0.888024 0.009339 0.009861
6 0.615343 0.757131 0.010845 0.090873
7 0.620317 0.642814 0.017709 0.028882
6 0.567531 0.541051 0.032221 0.047385
6 0.639328 0.555040 0.055336 0.036554
6 0.738092 0.532476 0.057204 0.025723
6 0.764000 0.502302 0.055353 0.049311
6 0.855466 0.478803 0.018445 0.111015
8 0.814338 0.509490 0.040929 0.065887
7 0.807134 0.617345 0.009573 0.024369
6 0.865398 0.589804 0.038741 0.054181
7 0.946117 0.578535 0.013658 0.032493
6 0.806176 0.659129 0.032826 0.020014
7 0.797788 0.687522 0.014112 0.021894
6 0.968883 0.725434 0.042261 0.041969
6 0.983834 0.025192 0.031561 0.050384
6 0.683249 0.227874 0.028256 0.078195
7 0.680398 0.312585 0.028820 0.019238
6 0.638297 0.015883 0.019907 0.031766
8 0.555380 0.010298 0.016207 0.020595
8 0.422829 0.899111 0.012801 0.053791
6 0.436804 0.660226 0.041267 0.037861