0 0.955155 0.983322 0.022337 0.033356
0 0.769416 0.979238 0.018557 0.041525
0 0.778522 0.888700 0.014777 0.070116
0 0.709278 0.896528 0.019931 0.068074
0 0.613574 0.877468 0.036770 0.029952
0 0.552405 0.848196 0.024399 0.066712
0 0.525430 0.758679 0.017869 0.075562
0 0.780584 0.715793 0.033333 0.044248
0 0.938660 0.765146 0.037457 0.027229
0 0.682131 0.654527 0.036426 0.038802
0 0.615120 0.640912 0.029553 0.056501
0 0.989863 0.619809 0.020275 0.052417
0 0.962887 0.558203 0.022680 0.072158
0 0.884708 0.509871 0.016151 0.054459
0 0.858935 0.539823 0.036770 0.029952
0 0.492440 0.438053 0.030928 0.036079
0 0.966667 0.351259 0.028179 0.032675
0 0.988488 0.322877 0.016151 0.092163
0 0.790034 0.261743 0.021993 0.082369
0 0.688316 0.203199 0.027491 0.079646
0 0.850515 0.130361 0.025430 0.061947
0 0.943814 0.095984 0.022337 0.040844
0 0.570790 0.160313 0.036426 0.052417
0 0.723711 0.020762 0.037801 0.040163
0 0.818213 0.024166 0.024055 0.027910
0 0.454983 0.697073 0.040550 0.043567
0 0.397766 0.871681 0.021649 0.055140
0 0.340378 0.829816 0.019588 0.063989
0 0.272337 0.880191 0.016151 0.077604
0 0.280069 0.702178 0.038488 0.048332
0 0.238488 0.821307 0.017869 0.074200
0 0.177148 0.944061 0.015464 0.080090
0 0.290034 0.973792 0.040550 0.041525
0 0.166151 0.623213 0.033333 0.049694
0 0.231100 0.618448 0.035395 0.029272
0 0.246220 0.567393 0.029897 0.059224
0 0.349141 0.681756 0.031615 0.040163
0 0.224227 0.709666 0.031959 0.037440
0 0.329381 0.994214 0.031271 0.011572
0 0.328007 0.930565 0.016838 0.036760
0 0.032302 0.963921 0.021306 0.066712
0 0.173368 0.447924 0.025086 0.069435
0 0.156186 0.547992 0.021649 0.038121
0 0.353265 0.351259 0.016495 0.077604
0 0.421478 0.492512 0.014777 0.070116
0 0.440893 0.151804 0.033677 0.035398
0 0.468557 0.049694 0.036770 0.029952
0 0.122165 0.176310 0.016838 0.069435
0 0.089519 0.305310 0.038144 0.031995
0 0.030928 0.060585 0.038488 0.039483
0 0.110137 0.017699 0.020275 0.034037
0 0.782844 0.534501 0.025156 0.061805
0 0.717415 0.493297 0.027816 0.053182
0 0.686743 0.463907 0.025007 0.026023
0 0.706220 0.471582 0.026018 0.041993
0 0.693367 0.431672 0.026569 0.051862
0 0.718625 0.474082 0.024430 0.052324
0 0.487856 0.626652 0.021188 0.067547
0 0.498167 0.609263 0.034842 0.037057
0 0.016520 0.235026 0.031323 0.030119
0 0.023022 0.499168 0.028513 0.049997
0 0.017280 0.666930 0.024329 0.042167
8 0.770727 0.523824 0.013472 0.067770
8 0.383586 0.415757 0.033033 0.086585
8 0.438971 0.274159 0.024091 0.048039