0 0.044845 0.016678 0.022337 0.033356
0 0.230584 0.020762 0.018557 0.041525
0 0.221478 0.111300 0.014777 0.070116
0 0.290722 0.103472 0.019931 0.068074
0 0.386426 0.122532 0.036770 0.029952
0 0.447595 0.151804 0.024399 0.066712
0 0.474570 0.241321 0.017869 0.075562
0 0.219416 0.284207 0.033333 0.044248
0 0.061340 0.234854 0.037457 0.027229
0 0.317869 0.345473 0.036426 0.038802
0 0.384880 0.359088 0.029553 0.056501
0 0.010137 0.380191 0.020275 0.052417
0 0.037113 0.441797 0.022680 0.072158
0 0.115292 0.490129 0.016151 0.054459
0 0.141065 0.460177 0.036770 0.029952
0 0.507560 0.561947 0.030928 0.036079
0 0.033333 0.648741 0.028179 0.032675
0 0.011512 0.677123 0.016151 0.092163
0 0.209966 0.738257 0.021993 0.082369
0 0.311684 0.796801 0.027491 0.079646
0 0.149485 0.869639 0.025430 0.061947
0 0.056186 0.904016 0.022337 0.040844
0 0.429210 0.839687 0.036426 0.052417
0 0.276289 0.979238 0.037801 0.040163
0 0.181787 0.975834 0.024055 0.027910
0 0.545017 0.302927 0.040550 0.043567
0 0.602234 0.128319 0.021649 0.055140
0 0.659622 0.170184 0.019588 0.063989
0 0.727663 0.119809 0.016151 0.077604
0 0.719931 0.297822 0.038488 0.048332
0 0.761512 0.178693 0.017869 0.074200
0 0.822852 0.055939 0.015464 0.080090
0 0.709966 0.026208 0.040550 0.041525
0 0.833849 0.376787 0.033333 0.049694
0 0.768900 0.381552 0.035395 0.029272
0 0.753780 0.432607 0.029897 0.059224
0 0.650859 0.318244 0.031615 0.040163
0 0.775773 0.290334 0.031959 0.037440
0 0.670619 0.005786 0.031271 0.011572
0 0.671993 0.069435 0.016838 0.036760
0 0.967698 0.036079 0.021306 0.066712
0 0.826632 0.552076 0.025086 0.069435
0 0.843814 0.452008 0.021649 0.038121
0 0.646735 0.648741 0.016495 0.077604
0 0.578522 0.507488 0.014777 0.070116
0 0.559107 0.848196 0.033677 0.035398
0 0.531443 0.950306 0.036770 0.029952
0 0.877835 0.823690 0.016838 0.069435
0 0.910481 0.694690 0.038144 0.031995
0 0.969072 0.939415 0.038488 0.039483
0 0.889863 0.982301 0.020275 0.034037
0 0.217156 0.465499 0.025156 0.061805
0 0.282585 0.506703 0.027816 0.053182
0 0.313257 0.536093 0.025007 0.026023
0 0.293780 0.528418 0.026018 0.041993
0 0.306633 0.568328 0.026569 0.051862
0 0.281375 0.525918 0.024430 0.052324
0 0.512144 0.373348 0.021188 0.067547
0 0.501833 0.390737 0.034842 0.037057
0 0.983480 0.764974 0.031323 0.030119
0 0.976978 0.500832 0.028513 0.049997
0 0.982720 0.333070 0.024329 0.042167
8 0.229273 0.476176 0.013472 0.067770
8 0.616414 0.584243 0.033033 0.086585
8 0.561029 0.725841 0.024091 0.048039