2 0.368557 0.075562 0.031271 0.055820
2 0.246735 0.248128 0.023368 0.060585
2 0.048110 0.305990 0.014433 0.066031
8 0.053608 0.266848 0.011684 0.020422
8 0.169759 0.086794 0.011684 0.023826
2 0.160481 0.472090 0.024055 0.034717
2 0.147079 0.602791 0.016495 0.068754
2 0.230756 0.617086 0.021649 0.066031
2 0.290722 0.762764 0.012371 0.040163
2 0.078522 0.872703 0.020275 0.049013
2 0.856357 0.251532 0.033677 0.052417
2 0.514089 0.321988 0.021993 0.050374
2 0.638488 0.389040 0.022680 0.045609
2 0.682302 0.322668 0.016838 0.063989
2 0.808419 0.259700 0.013402 0.030633
2 0.896220 0.452008 0.015808 0.065351
2 0.912027 0.533016 0.032302 0.032675
2 0.889175 0.577263 0.022337 0.058543
2 0.894330 0.653846 0.035395 0.045609
2 0.714777 0.889381 0.026804 0.049694
8 0.527148 0.826413 0.007560 0.013615
2 0.950172 0.043227 0.017869 0.060585