0 0.847766 0.803608 0.028179 0.034717
0 0.954467 0.797141 0.016838 0.047651
0 0.629381 0.893805 0.030584 0.061266
0 0.593471 0.780463 0.014433 0.083730
0 0.757904 0.584752 0.040206 0.031314
0 0.701031 0.590197 0.039175 0.040844
0 0.840206 0.525187 0.024055 0.049694
0 0.668729 0.413547 0.043299 0.044248
0 0.601203 0.503063 0.036082 0.038121
0 0.543471 0.554799 0.045017 0.042206
0 0.988316 0.566712 0.023368 0.030633
0 0.949141 0.251191 0.028866 0.059905
0 0.792440 0.228727 0.018557 0.077604
0 0.696703 0.301031 0.036835 0.037830
0 0.601203 0.324711 0.027835 0.050374
0 0.569416 0.388019 0.029553 0.027229
8 0.623196 0.267189 0.064261 0.134105
0 0.900515 0.158952 0.031271 0.040163
0 0.903780 0.065010 0.045361 0.026549
0 0.691924 0.069435 0.046392 0.029952
0 0.631615 0.088496 0.032302 0.050374
0 0.885223 0.035058 0.029553 0.038802
0 0.486082 0.558203 0.021649 0.065351
0 0.466495 0.443839 0.036082 0.040844
0 0.430241 0.798502 0.029553 0.029952
0 0.340471 0.687357 0.025773 0.051736
0 0.301203 0.820286 0.034708 0.062628
0 0.221134 0.651464 0.020962 0.070796
0 0.158419 0.899251 0.031615 0.040844
0 0.035395 0.767869 0.019244 0.070796
0 0.198110 0.442138 0.032646 0.053778
8 0.298969 0.226344 0.047423 0.026549
0 0.137801 0.356025 0.018557 0.058543
0 0.028522 0.832199 0.018557 0.059224
0 0.026460 0.604493 0.025430 0.073519
0 0.030584 0.523485 0.032302 0.049013
0 0.027491 0.291355 0.036426 0.047651
0 0.008076 0.373383 0.015464 0.055140
0 0.010481 0.065010 0.020275 0.070116
0 0.089519 0.636487 0.016151 0.027229
0 0.465120 0.674268 0.016151 0.051055
0 0.026632 0.664057 0.022337 0.030633
0 0.836447 0.459223 0.021408 0.061500
0 0.845780 0.430967 0.014080 0.050792
0 0.013219 0.684368 0.013377 0.077088