2 0.951203 0.952689 0.021306 0.038802
8 0.912887 0.835943 0.014089 0.027229
8 0.603952 0.472771 0.012715 0.025187
2 0.569759 0.524166 0.019931 0.063989
2 0.542096 0.577944 0.035395 0.050374
2 0.877148 0.271273 0.018900 0.074200
8 0.902062 0.301566 0.013058 0.020422
2 0.978694 0.297822 0.020619 0.071477
2 0.780756 0.223962 0.035739 0.047651
2 0.726976 0.271273 0.026460 0.070116
2 0.624399 0.193669 0.021993 0.038802
8 0.714261 0.041525 0.023711 0.049013
2 0.855498 0.029272 0.015464 0.057182
2 0.031787 0.757999 0.036082 0.052417
2 0.145876 0.672226 0.018213 0.059224
2 0.080069 0.568414 0.021993 0.068074
2 0.091237 0.525868 0.016151 0.066031
2 0.205842 0.461198 0.034364 0.056501
2 0.315808 0.525868 0.020619 0.057862
2 0.345533 0.536760 0.018213 0.081007
2 0.372852 0.391082 0.013058 0.060585
2 0.317010 0.235875 0.020275 0.027910
2 0.269759 0.180735 0.035739 0.034717
2 0.366151 0.159973 0.013402 0.063989
2 0.171306 0.240640 0.033333 0.063308
2 0.012543 0.298162 0.024399 0.035398
2 0.127663 0.091559 0.018213 0.091899
8 0.293299 0.055140 0.012027 0.025868