8 0.782646 0.114364 0.088316 0.228727
8 0.769072 0.224983 0.056357 0.247107
8 0.856529 0.342069 0.027148 0.025187
8 0.794158 0.244384 0.036426 0.025868
8 0.698797 0.323009 0.047079 0.083730
8 0.781443 0.567393 0.016495 0.059224
8 0.670962 0.657931 0.034021 0.025187
8 0.644845 0.654867 0.016151 0.027229
8 0.562371 0.634105 0.023711 0.018380
8 0.607904 0.331858 0.080412 0.375085
8 0.593986 0.549013 0.006529 0.025187
8 0.626289 0.829135 0.040206 0.024506
8 0.589347 0.919333 0.043299 0.076923
8 0.592784 0.899251 0.020619 0.023145
8 0.859200 0.951551 0.029897 0.042886
8 0.938832 0.930905 0.035739 0.091899
8 0.572680 0.360449 0.071821 0.052417
8 0.516469 0.328018 0.019931 0.196732
8 0.443521 0.278706 0.123311 0.172566
8 0.547977 0.399186 0.063326 0.071547
8 0.390854 0.441870 0.200800 0.163534
8 0.365120 0.314159 0.026460 0.015657
8 0.362715 0.253233 0.025086 0.061266
8 0.262199 0.365214 0.021993 0.070116
8 0.336082 0.105514 0.061168 0.050374
8 0.221821 0.180735 0.020962 0.018380
8 0.179381 0.174268 0.047423 0.078965
8 0.298454 0.090197 0.007904 0.052417
8 0.441065 0.097345 0.035395 0.027229
8 0.030928 0.139240 0.061856 0.081007
8 0.075945 0.034037 0.025430 0.062628
8 0.218915 0.287704 0.058763 0.051736
8 0.172165 0.325391 0.058419 0.091219
8 0.031959 0.434649 0.029553 0.055140
8 0.037457 0.827434 0.040550 0.041525
8 0.112094 0.792744 0.076421 0.042831
8 0.146792 0.895210 0.033314 0.208218
8 0.107884 0.559574 0.040195 0.394028
8 0.278070 0.886901 0.239402 0.149056
8 0.266151 0.809394 0.009966 0.042206
8 0.431787 0.900953 0.007216 0.100068
8 0.583162 0.167461 0.021993 0.032675
8 0.508591 0.017699 0.029553 0.024506
8 0.482818 0.176991 0.016495 0.010892
8 0.982131 0.844452 0.024055 0.056501
1 0.284364 0.217835 0.017526 0.034037
1 0.125258 0.103131 0.009966 0.017018
1 0.317698 0.400272 0.024399 0.108918
1 0.405670 0.130701 0.023711 0.029952
1 0.542612 0.128659 0.020619 0.035398
1 0.567010 0.136147 0.023368 0.044929
1 0.545361 0.178693 0.014433 0.023826
1 0.067698 0.593261 0.015808 0.042886
1 0.065464 0.795439 0.021649 0.078285
1 0.040722 0.682437 0.010653 0.018380
1 0.127320 0.762165 0.018213 0.037604
1 0.244158 0.809735 0.040206 0.030633
1 0.397079 0.797481 0.016151 0.041525
1 0.414261 0.749149 0.019588 0.031995
1 0.752749 0.125255 0.025773 0.027229
1 0.576289 0.204561 0.013058 0.038802
1 0.542268 0.287270 0.011684 0.028591
1 0.856529 0.146698 0.018213 0.098707
1 0.897423 0.121852 0.020962 0.040844
1 0.886082 0.190946 0.013402 0.045609
1 0.865979 0.308373 0.014433 0.027229
1 0.540722 0.403336 0.014777 0.031995
1 0.810137 0.542886 0.009278 0.019741
1 0.858247 0.562968 0.009966 0.044929
1 0.622680 0.598366 0.017182 0.027229
1 0.770790 0.778421 0.026804 0.037440
1 0.828351 0.882573 0.021649 0.021103
1 0.903265 0.905037 0.009966 0.018380