8 0.138802 0.091803 0.028646 0.111475
2 0.138281 0.092350 0.027604 0.108197
2 0.361458 0.238798 0.053125 0.055738
2 0.180729 0.662295 0.063542 0.093989
2 0.207292 0.819672 0.031250 0.089617
2 0.500781 0.928415 0.065104 0.060109
2 0.783594 0.778689 0.033854 0.106011
2 0.698958 0.598907 0.022917 0.155191
2 0.616406 0.381967 0.041146 0.090710
2 0.585938 0.046448 0.057292 0.064481
2 0.901563 0.074317 0.067708 0.043716
8 0.175781 0.877049 0.096354 0.243716
8 0.259635 0.900546 0.023438 0.098361
2 0.138542 0.091803 0.027083 0.109290