8 0.273711 0.301566 0.050515 0.176991
1 0.958591 0.956433 0.024399 0.051736
6 0.982646 0.882233 0.034708 0.036760
6 0.940722 0.915248 0.027148 0.055140
6 0.957030 0.759020 0.009652 0.066712
1 0.977491 0.742682 0.020962 0.032675
1 0.912715 0.712389 0.035739 0.030633
1 0.898969 0.509190 0.019244 0.066712
2 0.836082 0.453710 0.019931 0.061947
3 0.801718 0.532335 0.020619 0.047651
8 0.782474 0.712389 0.018557 0.046971
6 0.648277 0.884680 0.020954 0.083276
6 0.640193 0.870181 0.022685 0.069902
0 0.591924 0.769571 0.014777 0.074200
6 0.612659 0.420126 0.026076 0.053941
6 0.562253 0.380957 0.043879 0.030461
2 0.582818 0.327434 0.035052 0.035398
0 0.531876 0.462578 0.036260 0.042849
8 0.696907 0.122192 0.025430 0.045609
8 0.938660 0.339006 0.016151 0.046290
0 0.953780 0.012934 0.026460 0.024506
8 0.889691 0.203540 0.013058 0.066712
6 0.847396 0.316672 0.014248 0.068630
6 0.819650 0.291121 0.020547 0.068630
0 0.558935 0.143295 0.030584 0.061947
2 0.474227 0.321307 0.032302 0.047651
6 0.472316 0.944793 0.039233 0.031179
6 0.446671 0.908065 0.009760 0.065965
0 0.403265 0.842410 0.024399 0.053778
6 0.449625 0.775136 0.046457 0.059638
0 0.242955 0.836964 0.037113 0.037440
0 0.452405 0.689925 0.025773 0.063308
6 0.420447 0.660313 0.039519 0.020422
6 0.385052 0.652485 0.030584 0.056501
6 0.330326 0.700639 0.026632 0.067037
6 0.293606 0.645545 0.044503 0.020098
6 0.165979 0.716814 0.039863 0.020422
1 0.240378 0.596324 0.036770 0.038121
8 0.125945 0.802927 0.017526 0.049694
8 0.085739 0.835943 0.018900 0.050374
0 0.012371 0.749149 0.024055 0.057862
8 0.205670 0.468686 0.018900 0.132743
8 0.474914 0.636147 0.028866 0.033356
6 0.477094 0.548593 0.025231 0.052646
0 0.480241 0.476515 0.015464 0.065351
2 0.384536 0.436011 0.030928 0.029272
6 0.362196 0.511913 0.008929 0.044929
6 0.356357 0.462219 0.014433 0.036760
6 0.310825 0.339006 0.015464 0.057182
6 0.286254 0.166440 0.024742 0.037440
6 0.052749 0.550715 0.042955 0.029952
8 0.061168 0.481961 0.022680 0.036760
6 0.071134 0.278761 0.017869 0.053778
0 0.129038 0.142274 0.027148 0.058543
6 0.132818 0.089857 0.025086 0.036760
8 0.177835 0.031654 0.016838 0.061947
8 0.121649 0.015997 0.012371 0.030633
8 0.484536 0.042206 0.031615 0.083050
6 0.514566 0.023122 0.033958 0.044305