2 0.968900 0.910483 0.033333 0.051055
2 0.856014 0.557522 0.031615 0.050374
8 0.979381 0.841729 0.008935 0.021103
8 0.721306 0.690606 0.008935 0.017018
2 0.585911 0.649081 0.021993 0.064670
2 0.483849 0.751872 0.028179 0.060585
2 0.717526 0.269571 0.011684 0.028591
2 0.644330 0.218176 0.017182 0.059224
2 0.957560 0.126276 0.020275 0.045609
8 0.875601 0.115044 0.049485 0.024506
2 0.781100 0.090878 0.019931 0.027910
2 0.161856 0.894826 0.014433 0.066031
2 0.023711 0.842069 0.019244 0.062628
2 0.027663 0.653165 0.031959 0.071477
2 0.017354 0.606195 0.019588 0.044248
2 0.252749 0.485024 0.025773 0.051055
2 0.404296 0.498979 0.017526 0.027229
2 0.471478 0.468346 0.028866 0.034037
2 0.088316 0.230429 0.030241 0.057862
2 0.017010 0.346154 0.024399 0.033356