2 0.248797 0.315180 0.029553 0.065351
2 0.426117 0.268550 0.028866 0.037440
2 0.310137 0.444180 0.020962 0.082369
2 0.047079 0.349558 0.021306 0.061947
2 0.184708 0.504765 0.016838 0.074200
2 0.254124 0.623213 0.014089 0.064670
2 0.289519 0.778080 0.014089 0.072158
2 0.352234 0.642954 0.024742 0.064670
2 0.137457 0.690606 0.033677 0.029272
2 0.416838 0.637168 0.030241 0.034037
2 0.422337 0.746086 0.016495 0.073519
2 0.380584 0.838325 0.016151 0.071477
8 0.104124 0.887679 0.013058 0.025868
2 0.678007 0.160654 0.014433 0.057182
2 0.664605 0.210347 0.024742 0.058543
2 0.582646 0.295439 0.021649 0.058543
2 0.733849 0.104833 0.026460 0.043567
2 0.520384 0.290212 0.013988 0.065441
2 0.522914 0.258228 0.015476 0.026236
2 0.887457 0.218516 0.018213 0.051736
2 0.819416 0.365555 0.015464 0.072158
2 0.532474 0.721579 0.020962 0.059905
2 0.691753 0.937032 0.037801 0.029272
2 0.738660 0.929204 0.016838 0.065351
2 0.844502 0.687202 0.016151 0.081007
2 0.940550 0.692648 0.016495 0.083730
8 0.907560 0.540163 0.007560 0.017018
8 0.948969 0.411845 0.011340 0.023145