4 0.118266 0.130119 0.037614 0.043593
4 0.145050 0.231820 0.027146 0.050579
4 0.211463 0.178431 0.025593 0.059410
4 0.220647 0.252641 0.018706 0.060107
4 0.275885 0.325028 0.033563 0.042394
4 0.181291 0.264111 0.030751 0.034166
4 0.122667 0.221375 0.017333 0.057017
4 0.098333 0.194583 0.028667 0.035136
4 0.069620 0.208507 0.018094 0.058547
4 0.122667 0.301315 0.022667 0.068945
4 0.143331 0.330716 0.015996 0.049268
4 0.103667 0.358232 0.024667 0.032184
4 0.068068 0.320831 0.035249 0.060420
4 0.070297 0.269485 0.032413 0.039630
4 0.022363 0.265219 0.021512 0.043390
4 0.096661 0.309065 0.021323 0.065951
4 0.070431 0.374223 0.023139 0.038872
4 0.056267 0.390479 0.023201 0.056086
4 0.086148 0.424470 0.035704 0.044190
4 0.162781 0.437950 0.034895 0.041025
4 0.134689 0.457865 0.033289 0.038584
4 0.053072 0.466314 0.022730 0.052840
4 0.074132 0.463646 0.017947 0.052787
4 0.090079 0.483405 0.019841 0.062102
4 0.110427 0.471728 0.023572 0.056793
4 0.136008 0.507289 0.022769 0.058917
4 0.160896 0.505341 0.027542 0.043707
4 0.174581 0.534061 0.031876 0.035096
4 0.156098 0.561355 0.030269 0.052696
4 0.118731 0.551079 0.027323 0.067939
4 0.104973 0.523118 0.033945 0.044914
4 0.070248 0.521886 0.029465 0.039277
4 0.074333 0.556300 0.027333 0.032018
4 0.088462 0.578679 0.022501 0.053078
4 0.047100 0.584130 0.024867 0.055975
4 0.068088 0.624591 0.032177 0.042992
4 0.049086 0.663804 0.027858 0.056803
4 0.099713 0.629458 0.025715 0.033025
4 0.120521 0.612591 0.015708 0.052131
4 0.136008 0.589295 0.020090 0.063694
4 0.165435 0.610987 0.028203 0.038354
4 0.188965 0.601740 0.022071 0.056848
4 0.190117 0.686922 0.019019 0.060766
4 0.214000 0.702615 0.017333 0.050424
4 0.230037 0.730481 0.020074 0.072185
4 0.213020 0.761141 0.032679 0.053326
4 0.235253 0.797670 0.027323 0.041840
4 0.209939 0.816223 0.022768 0.061082
4 0.195385 0.790621 0.017231 0.059445
4 0.136333 0.737647 0.028667 0.046178
4 0.080962 0.777281 0.022501 0.058124
4 0.060737 0.769759 0.030807 0.054139
4 0.046091 0.739102 0.018849 0.059445
4 0.032000 0.696830 0.020000 0.038309
4 0.029617 0.738037 0.015233 0.052032
4 0.007000 0.792602 0.014000 0.042272
4 0.334565 0.886489 0.014463 0.034155
4 0.427000 0.677675 0.030000 0.050198
8 0.072446 0.111859 0.144892 0.187579
4 0.107692 0.240353 0.017080 0.061379
4 0.088875 0.236338 0.021133 0.069410
4 0.733000 0.122193 0.030000 0.043593
4 0.706226 0.153236 0.024881 0.039630
4 0.679956 0.110304 0.025421 0.027741
4 0.662516 0.133298 0.025227 0.034099
4 0.638521 0.137071 0.022959 0.048424
4 0.613333 0.135726 0.028000 0.033671
4 0.629333 0.204678 0.033333 0.039476
4 0.603377 0.219287 0.032088 0.042272
4 0.603000 0.253633 0.016667 0.026420
4 0.581713 0.306227 0.023387 0.060273
4 0.690423 0.307764 0.028487 0.034287
4 0.781365 0.228534 0.021396 0.060766
4 0.612852 0.391195 0.019971 0.061122
4 0.639333 0.412814 0.016000 0.051519
4 0.686667 0.369369 0.032000 0.041248
4 0.793333 0.376977 0.026667 0.068731
4 0.607268 0.464410 0.036131 0.049030
4 0.590302 0.516705 0.024604 0.055867
4 0.696433 0.512550 0.028866 0.052840
4 0.715333 0.540993 0.026667 0.037489
4 0.696939 0.554011 0.018920 0.033326
4 0.678333 0.560779 0.016667 0.041655
4 0.649114 0.645651 0.031533 0.042696
4 0.806667 0.586260 0.029333 0.076086
4 0.651331 0.764201 0.033338 0.054161
4 0.632409 0.782034 0.016515 0.044914
4 0.672238 0.794992 0.024701 0.047052
4 0.858000 0.641850 0.025333 0.060450
4 0.843928 0.673377 0.030811 0.041135
4 0.903939 0.639768 0.029956 0.056285
4 0.936779 0.640026 0.021559 0.070013
8 0.943667 0.595112 0.020667 0.054161