0 0.227491 0.108918 0.017182 0.073519
0 0.115979 0.154187 0.034021 0.042886
0 0.078007 0.270592 0.039175 0.033356
0 0.252921 0.229408 0.019244 0.080327
0 0.389175 0.171545 0.019588 0.066712
0 0.238144 0.267529 0.016495 0.050374
0 0.162715 0.184820 0.026460 0.038802
0 0.128866 0.030633 0.020619 0.061266
0 0.173883 0.332880 0.035052 0.040844
0 0.293986 0.302246 0.014089 0.068074
0 0.417526 0.303608 0.017182 0.076242
0 0.236426 0.394146 0.037801 0.065351
0 0.107216 0.399592 0.015808 0.074881
0 0.316323 0.399932 0.024399 0.056501
0 0.286598 0.538462 0.043299 0.031314
0 0.080756 0.532675 0.041237 0.031995
0 0.143814 0.559564 0.038832 0.031314
0 0.116151 0.575562 0.026804 0.061947
0 0.349828 0.600749 0.019244 0.075562
0 0.030928 0.608237 0.016495 0.068754
0 0.186426 0.716474 0.029210 0.040163
0 0.181787 0.972771 0.038488 0.043567
0 0.328694 0.956773 0.024399 0.059224
0 0.864089 0.018720 0.033333 0.037440
0 0.737629 0.072158 0.016838 0.063989
0 0.616838 0.141253 0.019244 0.072839
0 0.758935 0.163036 0.020962 0.067393
0 0.790722 0.143295 0.021306 0.079646
0 0.652577 0.215453 0.031615 0.046971
0 0.706529 0.245745 0.029553 0.031314
0 0.610309 0.325391 0.017182 0.078965
0 0.664089 0.345813 0.024399 0.039483
0 0.661684 0.401974 0.016838 0.066031
0 0.869244 0.299523 0.039519 0.038121
0 0.910653 0.463581 0.045361 0.034037
0 0.702577 0.508509 0.029897 0.038121
0 0.673024 0.581688 0.018213 0.081007
0 0.743986 0.555480 0.017182 0.055820
0 0.959204 0.497055 0.014237 0.068310
0 0.669588 0.891763 0.020962 0.063989
0 0.600687 0.898570 0.017182 0.069435
0 0.985223 0.650241 0.028866 0.039205
0 0.750344 0.274336 0.012715 0.050374
0 0.718939 0.309423 0.028652 0.031018
0 0.983162 0.226484 0.032990 0.054861
0 0.194467 0.809630 0.020249 0.080223
0 0.221236 0.794163 0.033977 0.030934
8 0.534364 0.739959 0.026804 0.028591
8 0.551718 0.759700 0.018900 0.024506
8 0.273024 0.924098 0.025086 0.017018
8 0.158935 0.868618 0.029210 0.031314
8 0.786426 0.359769 0.013402 0.075562
8 0.371306 0.372022 0.020275 0.036079
8 0.369244 0.211028 0.020962 0.043567
8 0.201718 0.332539 0.015808 0.040163