0 0.823711 0.981620 0.032302 0.036760
0 0.856701 0.860109 0.017182 0.078285
0 0.831787 0.786249 0.016151 0.077604
0 0.968213 0.840027 0.029210 0.065351
0 0.568729 0.863853 0.032302 0.027229
0 0.657216 0.622532 0.016151 0.083730
0 0.975430 0.599728 0.024399 0.039483
0 0.887973 0.420014 0.029553 0.055820
0 0.907904 0.369299 0.015120 0.079646
0 0.704296 0.446222 0.017526 0.086453
0 0.564261 0.588496 0.028866 0.057862
0 0.987285 0.921035 0.025430 0.061266
0 0.775430 0.364874 0.034708 0.031314
0 0.769588 0.275357 0.039519 0.036079
0 0.720790 0.256297 0.039519 0.056501
0 0.541924 0.238938 0.039863 0.034037
0 0.747079 0.181756 0.028866 0.063989
0 0.943643 0.117427 0.017182 0.074200
0 0.871478 0.114364 0.041237 0.038121
0 0.687285 0.073860 0.019931 0.067393
0 0.511340 0.082029 0.044674 0.041525
0 0.509450 0.306671 0.018900 0.052417
0 0.164777 0.922737 0.023711 0.072839
0 0.254639 0.905378 0.035052 0.032675
0 0.080241 0.658952 0.016838 0.063989
0 0.048282 0.809054 0.026460 0.030633
0 0.031959 0.696052 0.032302 0.036079
0 0.472165 0.538121 0.030241 0.031995
0 0.467354 0.570456 0.026117 0.025868
0 0.404296 0.515997 0.018900 0.076242
0 0.331443 0.522805 0.029210 0.032675
0 0.292955 0.529612 0.023711 0.042206
0 0.263918 0.467665 0.015808 0.076242
0 0.341237 0.422737 0.017182 0.065351
0 0.380756 0.419673 0.041237 0.036079
0 0.186082 0.448264 0.041581 0.056501
0 0.282131 0.345813 0.017869 0.070796
0 0.298282 0.315521 0.017182 0.042886
0 0.362027 0.361811 0.029210 0.061947
0 0.249828 0.319946 0.038488 0.036760
0 0.223368 0.369299 0.021306 0.066031
0 0.174227 0.396869 0.016495 0.085773
0 0.219588 0.247447 0.039175 0.063308
0 0.306014 0.219877 0.018213 0.080327
0 0.324227 0.172907 0.029210 0.043567
0 0.293471 0.164738 0.026117 0.070796
0 0.261168 0.168822 0.016495 0.053097
0 0.220447 0.140572 0.017526 0.079646
0 0.218900 0.062968 0.019244 0.063308
0 0.143986 0.046290 0.021306 0.039483
0 0.163932 0.282619 0.040886 0.027047
0 0.159444 0.258247 0.034837 0.022736