8 0.231954 0.799385 0.124055 0.329071
8 0.304938 0.896324 0.050250 0.047447
8 0.248857 0.923112 0.032546 0.055698
8 0.069917 0.369255 0.059107 0.260722
8 0.070790 0.300885 0.021306 0.049013
8 0.259622 0.241661 0.078694 0.134786
8 0.377491 0.390402 0.060825 0.095984
8 0.402062 0.469367 0.041924 0.026549
8 0.395078 0.511232 0.023024 0.038121
8 0.430928 0.163376 0.049485 0.028591
8 0.453093 0.561266 0.020275 0.071477
8 0.529897 0.634105 0.050172 0.346494
8 0.829553 0.629005 0.050172 0.185841
8 0.647079 0.540150 0.064605 0.316542
8 0.568729 0.370660 0.208935 0.053778
8 0.724055 0.317563 0.018557 0.068754
8 0.940378 0.815521 0.018900 0.204221
8 0.889212 0.342495 0.205915 0.133594
8 0.737973 0.123213 0.018900 0.054459
8 0.684021 0.089517 0.018900 0.021103
8 0.769759 0.151464 0.011684 0.023826
8 0.798454 0.240980 0.069759 0.054459
1 0.900172 0.877808 0.028522 0.037440
1 0.919244 0.823009 0.019931 0.029952
1 0.909450 0.759020 0.023711 0.028591
1 0.824055 0.541184 0.021306 0.028591
1 0.697251 0.500000 0.018557 0.037440
1 0.575086 0.462560 0.013402 0.037440
1 0.548110 0.418993 0.021993 0.049694
1 0.700172 0.330837 0.016838 0.025868
1 0.627491 0.298502 0.015808 0.022464
1 0.759278 0.277400 0.024399 0.026549
1 0.747079 0.258679 0.012371 0.023145
1 0.656357 0.121171 0.019244 0.066712
1 0.964948 0.167801 0.011684 0.021103
1 0.635739 0.398911 0.008935 0.017699
1 0.427148 0.825051 0.014433 0.050374
1 0.353780 0.805990 0.023711 0.106195
1 0.311340 0.875766 0.017182 0.033356
1 0.161684 0.902655 0.014777 0.036760
1 0.137973 0.780463 0.016838 0.048332
1 0.081787 0.816201 0.012371 0.036760
1 0.079381 0.860449 0.009622 0.021784
1 0.078522 0.545950 0.023024 0.068074
1 0.038660 0.563308 0.015464 0.029272
1 0.061512 0.496256 0.012371 0.017699
1 0.432131 0.337985 0.018213 0.055140
1 0.394330 0.391423 0.013402 0.027229
1 0.042268 0.168142 0.015120 0.050374
1 0.365979 0.141593 0.043986 0.057182
1 0.424570 0.124234 0.025773 0.031995
8 0.575258 0.743363 0.044674 0.058543