8 0.103436 0.151464 0.100344 0.302927
8 0.331443 0.336283 0.091065 0.110279
8 0.431271 0.360109 0.094158 0.155208
8 0.455155 0.236555 0.078007 0.030633
8 0.312970 0.535486 0.052998 0.072839
8 0.871134 0.817903 0.030241 0.089176
8 0.884192 0.469707 0.043299 0.021784
8 0.568729 0.414908 0.070103 0.188564
1 0.219759 0.559564 0.029897 0.027229
1 0.283677 0.493533 0.009278 0.019061
1 0.482646 0.297141 0.009278 0.019741
1 0.464433 0.191627 0.027835 0.033356
1 0.468213 0.079354 0.012027 0.022368
1 0.755842 0.418993 0.018900 0.045609