4 0.094000 0.163019 0.029333 0.036464
4 0.118333 0.204095 0.039333 0.043593
4 0.092554 0.341053 0.030310 0.055770
4 0.141000 0.348085 0.028667 0.056803
4 0.058333 0.358653 0.022000 0.043593
4 0.297333 0.312992 0.024000 0.036816
4 0.274000 0.472317 0.037333 0.046351
4 0.244333 0.588507 0.031333 0.038309
4 0.183000 0.590489 0.022000 0.066050
4 0.325667 0.601057 0.027333 0.026420
4 0.312000 0.673712 0.018667 0.066050
4 0.329667 0.669749 0.018000 0.055482
8 0.130000 0.123514 0.014667 0.038309
8 0.867333 0.520476 0.264000 0.089828
4 0.699081 0.134742 0.027495 0.031704
4 0.719333 0.151928 0.030667 0.060791
4 0.751000 0.171070 0.019333 0.027741
4 0.801667 0.140687 0.022000 0.064729
4 0.629213 0.203435 0.021093 0.063408
4 0.605333 0.335535 0.016000 0.036988
4 0.573667 0.398283 0.031333 0.035667
4 0.762333 0.320500 0.030000 0.051832
4 0.831667 0.286658 0.032667 0.036988
4 0.647067 0.517911 0.024356 0.068847
4 0.641333 0.567684 0.028000 0.033651
4 0.625333 0.661162 0.033333 0.054161
4 0.682000 0.617568 0.021333 0.064727
4 0.718333 0.463815 0.035333 0.050483
4 0.814000 0.673052 0.024000 0.054161