3 0.855469 0.896721 0.020312 0.042623
3 0.836979 0.759563 0.025000 0.030601
3 0.799740 0.863388 0.027604 0.043716
3 0.766406 0.792350 0.030729 0.048087
3 0.746615 0.981967 0.016146 0.036066
3 0.711719 0.773770 0.028646 0.043716
3 0.642187 0.761202 0.037500 0.033880
3 0.576823 0.903279 0.028646 0.064481
3 0.371094 0.983607 0.027604 0.032787
3 0.312240 0.987978 0.030729 0.024044
3 0.339583 0.866120 0.026042 0.062295
3 0.315625 0.705464 0.020833 0.073224
3 0.293229 0.689071 0.019792 0.068852
3 0.076042 0.778142 0.031250 0.041530
3 0.094010 0.588525 0.028646 0.055738
3 0.050521 0.562842 0.029167 0.045902
3 0.104948 0.490164 0.029688 0.040437
3 0.108854 0.437705 0.011458 0.057923
3 0.174479 0.573770 0.020833 0.072131
3 0.249479 0.484699 0.013542 0.071038
3 0.459896 0.526776 0.025000 0.063388
3 0.557552 0.636612 0.026563 0.031694
3 0.573177 0.593443 0.016146 0.052459
3 0.678646 0.684153 0.032292 0.052459
3 0.729688 0.550273 0.033333 0.038251
3 0.806250 0.473770 0.035417 0.049180
3 0.854427 0.449180 0.034896 0.043716
3 0.959375 0.441530 0.031250 0.041530
3 0.917188 0.363934 0.016667 0.074317
3 0.960677 0.290164 0.024479 0.042623
3 0.953385 0.231148 0.027604 0.027322
3 0.958854 0.189071 0.022917 0.048087
3 0.861458 0.036612 0.022917 0.051366
3 0.755990 0.092350 0.015104 0.062295
3 0.715365 0.085792 0.022396 0.057923
3 0.653646 0.252459 0.023958 0.043716
3 0.650260 0.136066 0.028646 0.036066
3 0.565365 0.151913 0.025521 0.030601
3 0.490104 0.271585 0.032292 0.033880
3 0.428646 0.313661 0.022917 0.052459
3 0.459115 0.339891 0.013021 0.059016
3 0.450000 0.175956 0.026042 0.072131
3 0.444531 0.039891 0.023438 0.053552
3 0.518490 0.037705 0.030729 0.036066
3 0.501302 0.007650 0.020313 0.013115
3 0.316927 0.171038 0.028646 0.022951
3 0.210417 0.146448 0.027083 0.054645
3 0.094792 0.045902 0.029167 0.054645
3 0.115365 0.028415 0.018229 0.028415
3 0.032552 0.085246 0.019271 0.078689
3 0.005729 0.055191 0.010417 0.071038
8 0.439360 0.356752 0.018602 0.084309
3 0.994792 0.945902 0.010417 0.064481
3 0.891927 0.864481 0.019271 0.076503
3 0.867708 0.877049 0.016667 0.057923
8 0.129688 0.633333 0.012500 0.073224