8 0.726289 0.698434 0.050515 0.176991
1 0.041409 0.043567 0.024399 0.051736
6 0.017354 0.117767 0.034708 0.036760
6 0.059278 0.084752 0.027148 0.055140
6 0.042970 0.240980 0.009652 0.066712
1 0.022509 0.257318 0.020962 0.032675
1 0.087285 0.287611 0.035739 0.030633
1 0.101031 0.490810 0.019244 0.066712
2 0.163918 0.546290 0.019931 0.061947
3 0.198282 0.467665 0.020619 0.047651
8 0.217526 0.287611 0.018557 0.046971
6 0.351723 0.115320 0.020954 0.083276
6 0.359807 0.129819 0.022685 0.069902
0 0.408076 0.230429 0.014777 0.074200
6 0.387341 0.579874 0.026076 0.053941
6 0.437747 0.619043 0.043879 0.030461
2 0.417182 0.672566 0.035052 0.035398
0 0.468124 0.537422 0.036260 0.042849
8 0.303093 0.877808 0.025430 0.045609
8 0.061340 0.660994 0.016151 0.046290
0 0.046220 0.987066 0.026460 0.024506
8 0.110309 0.796460 0.013058 0.066712
6 0.152604 0.683328 0.014248 0.068630
6 0.180350 0.708879 0.020547 0.068630
0 0.441065 0.856705 0.030584 0.061947
2 0.525773 0.678693 0.032302 0.047651
6 0.527684 0.055207 0.039233 0.031179
6 0.553329 0.091935 0.009760 0.065965
0 0.596735 0.157590 0.024399 0.053778
6 0.550375 0.224864 0.046457 0.059638
0 0.757045 0.163036 0.037113 0.037440
0 0.547595 0.310075 0.025773 0.063308
6 0.579553 0.339687 0.039519 0.020422
6 0.614948 0.347515 0.030584 0.056501
6 0.669674 0.299361 0.026632 0.067037
6 0.706394 0.354455 0.044503 0.020098
6 0.834021 0.283186 0.039863 0.020422
1 0.759622 0.403676 0.036770 0.038121
8 0.874055 0.197073 0.017526 0.049694
8 0.914261 0.164057 0.018900 0.050374
0 0.987629 0.250851 0.024055 0.057862
8 0.794330 0.531314 0.018900 0.132743
8 0.525086 0.363853 0.028866 0.033356
6 0.522906 0.451407 0.025231 0.052646
0 0.519759 0.523485 0.015464 0.065351
2 0.615464 0.563989 0.030928 0.029272
6 0.637804 0.488087 0.008929 0.044929
6 0.643643 0.537781 0.014433 0.036760
6 0.689175 0.660994 0.015464 0.057182
6 0.713746 0.833560 0.024742 0.037440
6 0.947251 0.449285 0.042955 0.029952
8 0.938832 0.518039 0.022680 0.036760
6 0.928866 0.721239 0.017869 0.053778
0 0.870962 0.857726 0.027148 0.058543
6 0.867182 0.910143 0.025086 0.036760
8 0.822165 0.968346 0.016838 0.061947
8 0.878351 0.984003 0.012371 0.030633
8 0.515464 0.957794 0.031615 0.083050
6 0.485434 0.976878 0.033958 0.044305