3 0.925558 0.502186 0.027604 0.036066
3 0.911458 0.379235 0.028125 0.041530
3 0.648438 0.456831 0.029167 0.054645
8 0.502865 0.228415 0.131771 0.120219
3 0.655506 0.271741 0.032738 0.045121
3 0.929688 0.338251 0.033333 0.040437
3 0.937545 0.220048 0.017798 0.069195
3 0.870573 0.186885 0.011979 0.063388
3 0.813865 0.455028 0.014979 0.051039
3 0.878906 0.769399 0.032812 0.039344
3 0.765511 0.864768 0.028353 0.050848
3 0.724707 0.830375 0.017252 0.056378
3 0.771094 0.784699 0.014062 0.037158
3 0.672135 0.698361 0.034896 0.037158
3 0.608333 0.906011 0.014583 0.065574
3 0.406771 0.825683 0.021875 0.064481
3 0.368452 0.868072 0.025595 0.064012
3 0.387321 0.776815 0.026401 0.067291
3 0.352865 0.697268 0.028646 0.067760
3 0.351562 0.552459 0.034375 0.051366
3 0.926302 0.947541 0.029687 0.052459
3 0.894271 0.830991 0.030208 0.044496
3 0.846521 0.844001 0.020499 0.075268
3 0.163281 0.361202 0.036979 0.046995
3 0.131250 0.544809 0.032292 0.033880
3 0.099740 0.110929 0.031771 0.040437
3 0.372135 0.236066 0.033854 0.048087
3 0.334635 0.219672 0.024479 0.059016
3 0.430729 0.228415 0.023958 0.059016
3 0.605029 0.161808 0.025684 0.074198
3 0.617969 0.330601 0.025521 0.064481
8 0.651525 0.850820 0.029241 0.210929
3 0.771354 0.784153 0.015625 0.040437
8 0.765625 0.957377 0.009375 0.034973
8 0.305990 0.449727 0.020313 0.051366
3 0.863542 0.800546 0.032292 0.042623