0 0.140206 0.196732 0.016495 0.073519
0 0.197766 0.066966 0.016838 0.075734
0 0.342096 0.055480 0.040206 0.027910
0 0.298454 0.147379 0.015464 0.082369
0 0.304296 0.208986 0.040206 0.032675
0 0.071821 0.161334 0.016495 0.085773
0 0.131787 0.285228 0.016151 0.078965
0 0.101031 0.254595 0.020619 0.043567
0 0.107732 0.339687 0.027835 0.068074
0 0.012887 0.304969 0.014089 0.078965
0 0.292440 0.259020 0.022680 0.053778
0 0.309158 0.255057 0.018798 0.058106
0 0.317182 0.297481 0.035052 0.054459
0 0.150687 0.365214 0.018213 0.060585
0 0.300859 0.474132 0.018900 0.064670
0 0.473711 0.371528 0.042268 0.037672
0 0.201203 0.550034 0.020275 0.076242
0 0.041065 0.559905 0.036082 0.040163
0 0.206186 0.667461 0.030928 0.036079
0 0.242440 0.710347 0.037457 0.036079
0 0.318557 0.680054 0.023368 0.043567
0 0.422314 0.689266 0.019199 0.076967
0 0.392612 0.815861 0.016838 0.079646
0 0.009622 0.870320 0.019244 0.067393
0 0.117182 0.901293 0.022680 0.070796
0 0.134536 0.939415 0.031271 0.039483
0 0.261388 0.966392 0.034803 0.052594
0 0.370790 0.893465 0.027491 0.048332
0 0.432302 0.892444 0.027491 0.040844
0 0.536426 0.926140 0.035052 0.048332
0 0.652234 0.800885 0.015808 0.074200
0 0.529725 0.065010 0.017526 0.053778
0 0.566667 0.020082 0.023368 0.040163
0 0.675945 0.145337 0.030928 0.030633
0 0.565292 0.211368 0.016495 0.075562
0 0.797423 0.057182 0.016151 0.046290
0 0.818557 0.074200 0.019931 0.072158
0 0.813746 0.234854 0.037801 0.031314
0 0.765808 0.331178 0.015464 0.059224
0 0.868385 0.300885 0.041237 0.029952
0 0.901890 0.050374 0.032646 0.029952
0 0.960997 0.112321 0.032646 0.034037
0 0.973024 0.312117 0.019588 0.038802
0 0.869072 0.523145 0.022680 0.045609
0 0.785567 0.518039 0.024742 0.068074
0 0.737285 0.482301 0.034708 0.031995
0 0.668900 0.459496 0.042268 0.032675
0 0.605155 0.559905 0.025430 0.078285
0 0.851718 0.580327 0.018900 0.070116
0 0.979097 0.504207 0.031734 0.043132
0 0.900515 0.768550 0.025773 0.077604
0 0.657298 0.153165 0.013240 0.074881
0 0.956929 0.620150 0.034132 0.032675
0 0.970790 0.624575 0.015120 0.072839
0 0.915979 0.648741 0.031959 0.046290
0 0.818041 0.832199 0.019588 0.067393
0 0.880412 0.892784 0.028866 0.066031
8 0.650132 0.545557 0.565027 0.609423