6 0.343986 0.098707 0.038488 0.038121
6 0.244845 0.167120 0.012027 0.060585
1 0.063058 0.144656 0.021649 0.061947
6 0.023024 0.194350 0.038488 0.038802
3 0.284364 0.348877 0.018213 0.057862
3 0.424227 0.316201 0.031271 0.044248
0 0.465446 0.283535 0.018248 0.072856
0 0.470447 0.316831 0.039175 0.037543
0 0.428826 0.369980 0.028098 0.044248
6 0.344845 0.425119 0.020275 0.034717
6 0.322852 0.557182 0.040206 0.041525
6 0.261168 0.530633 0.010997 0.051055
6 0.098454 0.556841 0.021649 0.055820
6 0.027148 0.543567 0.011684 0.095984
6 0.027491 0.601770 0.028866 0.028591
2 0.162543 0.625936 0.032990 0.057862
6 0.094674 0.853642 0.021649 0.085773
6 0.153952 0.828114 0.030928 0.026549
0 0.212506 0.752115 0.016225 0.056986
6 0.304296 0.867057 0.035395 0.020022
8 0.331100 0.893465 0.025086 0.087815
6 0.346220 0.659432 0.033333 0.037721
1 0.549485 0.077944 0.014433 0.074200
6 0.642268 0.096664 0.033677 0.028591
6 0.577835 0.072498 0.025773 0.036079
6 0.653265 0.166780 0.030928 0.025868
0 0.533162 0.249149 0.031271 0.040844
6 0.529553 0.294418 0.039863 0.023826
6 0.640034 0.346835 0.012027 0.067393
2 0.684708 0.320967 0.028522 0.027910
1 0.742268 0.268210 0.019931 0.100749
3 0.818213 0.140231 0.031615 0.036760
0 0.824399 0.081688 0.032302 0.047651
8 0.948454 0.160654 0.033677 0.088496
8 0.886254 0.285909 0.046735 0.133424
2 0.943986 0.302927 0.037113 0.035398
8 0.729381 0.361470 0.018213 0.054459
6 0.532302 0.489449 0.021993 0.047651
0 0.740378 0.513274 0.027835 0.051736
6 0.841409 0.357726 0.012715 0.044248
6 0.711684 0.563308 0.010997 0.060585
6 0.761856 0.617767 0.030928 0.057862
0 0.971993 0.565010 0.018213 0.068074
6 0.925601 0.640912 0.027148 0.037440
0 0.736426 0.710688 0.040550 0.032675
0 0.515120 0.769231 0.015808 0.069435
3 0.626804 0.852621 0.033677 0.059224
0 0.545674 0.890402 0.039236 0.032675
2 0.535395 0.922737 0.030928 0.034717
6 0.730241 0.825732 0.008935 0.070796
0 0.749485 0.843091 0.022680 0.067393
0 0.823024 0.831518 0.019931 0.068754
6 0.745533 0.916270 0.015464 0.053097
6 0.849485 0.860109 0.013058 0.048332
0 0.875773 0.832539 0.042268 0.029952
6 0.901375 0.856705 0.031615 0.025187
0 0.969416 0.730088 0.026117 0.055140
3 0.959622 0.851600 0.016838 0.069435
8 0.869759 0.675289 0.019244 0.034037
8 0.798110 0.637849 0.018213 0.039483
8 0.796907 0.755616 0.024055 0.021784
8 0.578007 0.436692 0.018557 0.040163
8 0.759450 0.461198 0.015120 0.042886
8 0.650515 0.753574 0.015120 0.034037
8 0.394330 0.776378 0.025086 0.036079
1 0.452617 0.873291 0.029205 0.044388
1 0.426559 0.913190 0.028450 0.044388
6 0.398033 0.289594 0.038320 0.023059
8 0.391924 0.561266 0.016838 0.075562
1 0.110191 0.813099 0.016088 0.072470