2 0.308076 0.062628 0.016151 0.078965
2 0.045189 0.134105 0.014777 0.059905
2 0.023711 0.221579 0.035739 0.029272
2 0.290206 0.203199 0.014777 0.022464
2 0.150515 0.389381 0.020619 0.066712
2 0.285567 0.563308 0.015808 0.070116
2 0.087457 0.524847 0.016151 0.050374
2 0.033162 0.747107 0.018900 0.070116
2 0.429381 0.585432 0.026460 0.047651
2 0.468729 0.592580 0.027491 0.061947
2 0.260481 0.724983 0.039863 0.031314
2 0.237113 0.751191 0.030928 0.036079
2 0.220103 0.845473 0.029210 0.068074
2 0.041237 0.833901 0.029553 0.042206
2 0.248110 0.866916 0.036426 0.057862
2 0.257216 0.886658 0.033333 0.046971
8 0.438832 0.719877 0.012371 0.026549
2 0.622852 0.079646 0.023024 0.050374
2 0.795361 0.122192 0.027148 0.072839
8 0.601890 0.296801 0.013402 0.025868
8 0.649828 0.787270 0.010309 0.023826
2 0.585052 0.537440 0.034021 0.031995
2 0.589691 0.575902 0.027491 0.046290
2 0.737285 0.529952 0.025773 0.072839
2 0.708419 0.671886 0.023024 0.073519
2 0.540550 0.784207 0.026804 0.049013
2 0.679725 0.921035 0.043986 0.034037