6 0.947079 0.908101 0.023368 0.020422
6 0.922501 0.899397 0.034723 0.049305
6 0.855155 0.880871 0.010653 0.072158
6 0.793643 0.903336 0.026460 0.035398
6 0.773540 0.902630 0.029553 0.019012
6 0.789347 0.814500 0.015808 0.053778
0 0.697079 0.931586 0.035395 0.041525
3 0.869588 0.669843 0.026460 0.046290
8 0.644502 0.842410 0.044330 0.089176
6 0.588639 0.908348 0.035113 0.063791
0 0.584062 0.872703 0.023630 0.069435
0 0.623024 0.736896 0.038488 0.037440
8 0.906529 0.726685 0.019244 0.042886
0 0.683333 0.621171 0.040206 0.038802
0 0.678179 0.553778 0.038832 0.053778
6 0.863230 0.578285 0.043986 0.031995
6 0.842268 0.508169 0.010997 0.067393
6 0.758591 0.365895 0.012715 0.087815
6 0.899485 0.452689 0.010653 0.063989
0 0.816495 0.456773 0.026804 0.042206
0 0.658076 0.501361 0.030928 0.045609
6 0.680069 0.363853 0.036426 0.026549
6 0.687113 0.306671 0.029210 0.029272
0 0.615979 0.356705 0.016151 0.069435
6 0.591065 0.237236 0.026804 0.044248
6 0.711168 0.143635 0.009278 0.061266
0 0.792440 0.173247 0.022680 0.075562
6 0.861684 0.142614 0.012715 0.081007
0 0.905155 0.114364 0.024055 0.068074
1 0.971478 0.059224 0.037801 0.040844
8 0.233677 0.874404 0.050172 0.030633
8 0.220619 0.787951 0.038488 0.053778
8 0.170790 0.804010 0.049485 0.036636
8 0.103093 0.770252 0.036426 0.086453
3 0.196735 0.700817 0.023711 0.057862
0 0.118213 0.683458 0.023368 0.069435
0 0.196220 0.629680 0.020619 0.057182
1 0.374055 0.904016 0.017526 0.049013
6 0.514777 0.041865 0.019244 0.082369
6 0.297595 0.153165 0.022680 0.066712
0 0.344158 0.190265 0.034708 0.045609
0 0.320619 0.245065 0.016495 0.065351
6 0.425945 0.133084 0.011340 0.055140
0 0.420103 0.338325 0.018900 0.068074
0 0.496465 0.216133 0.016299 0.071477
6 0.482131 0.716814 0.008247 0.069435
6 0.438488 0.703540 0.026804 0.064670
6 0.384536 0.789312 0.024055 0.018380
6 0.387629 0.673587 0.025430 0.040163
6 0.317354 0.713070 0.035395 0.021103
6 0.185567 0.755956 0.015808 0.061947
0 0.387897 0.616406 0.015270 0.076923
6 0.464261 0.437032 0.030928 0.078965
2 0.297079 0.436011 0.045704 0.034717
0 0.352749 0.464942 0.034708 0.058543
0 0.350000 0.421035 0.016151 0.063308
6 0.284364 0.485705 0.023024 0.056501
0 0.361512 0.275017 0.028866 0.049013
6 0.267526 0.127638 0.019588 0.071477
8 0.313230 0.071776 0.017526 0.038885
8 0.326117 0.103472 0.020619 0.034037
0 0.122337 0.443499 0.021993 0.061947
0 0.088144 0.443159 0.035395 0.040844
0 0.116838 0.396367 0.026117 0.037764
6 0.046048 0.250511 0.021993 0.053097
6 0.140722 0.365214 0.012027 0.072839
3 0.239487 0.122532 0.025493 0.061266
2 0.224570 0.084071 0.018900 0.063308
2 0.165464 0.072158 0.035395 0.040844
3 0.183505 0.194350 0.018557 0.070116
6 0.073121 0.183166 0.013638 0.057890
6 0.078186 0.132705 0.022989 0.081626
6 0.232975 0.106172 0.031951 0.063294
6 0.254795 0.063719 0.042862 0.020068
6 0.411434 0.148432 0.014807 0.074485
6 0.399793 0.138398 0.007111 0.069854
8 0.267459 0.429586 0.052603 0.042453
6 0.171020 0.908822 0.024158 0.028366
6 0.248366 0.692602 0.022210 0.031647
8 0.380262 0.868974 0.018703 0.094168