4 0.881734 0.869881 0.037614 0.043593
4 0.854950 0.768180 0.027146 0.050579
4 0.788537 0.821569 0.025593 0.059410
4 0.779353 0.747359 0.018706 0.060107
4 0.724115 0.674972 0.033563 0.042394
4 0.818709 0.735889 0.030751 0.034166
4 0.877333 0.778625 0.017333 0.057017
4 0.901667 0.805417 0.028667 0.035136
4 0.930380 0.791493 0.018094 0.058547
4 0.877333 0.698685 0.022667 0.068945
4 0.856669 0.669284 0.015996 0.049268
4 0.896333 0.641768 0.024667 0.032184
4 0.931932 0.679169 0.035249 0.060420
4 0.929703 0.730515 0.032413 0.039630
4 0.977637 0.734781 0.021512 0.043390
4 0.903339 0.690935 0.021323 0.065951
4 0.929569 0.625777 0.023139 0.038872
4 0.943733 0.609521 0.023201 0.056086
4 0.913852 0.575530 0.035704 0.044190
4 0.837219 0.562050 0.034895 0.041025
4 0.865311 0.542135 0.033289 0.038584
4 0.946928 0.533686 0.022730 0.052840
4 0.925868 0.536354 0.017947 0.052787
4 0.909921 0.516595 0.019841 0.062102
4 0.889573 0.528272 0.023572 0.056793
4 0.863992 0.492711 0.022769 0.058917
4 0.839104 0.494659 0.027542 0.043707
4 0.825419 0.465939 0.031876 0.035096
4 0.843902 0.438645 0.030269 0.052696
4 0.881269 0.448921 0.027323 0.067939
4 0.895027 0.476882 0.033945 0.044914
4 0.929752 0.478114 0.029465 0.039277
4 0.925667 0.443700 0.027333 0.032018
4 0.911538 0.421321 0.022501 0.053078
4 0.952900 0.415870 0.024867 0.055975
4 0.931912 0.375409 0.032177 0.042992
4 0.950914 0.336196 0.027858 0.056803
4 0.900287 0.370542 0.025715 0.033025
4 0.879479 0.387409 0.015708 0.052131
4 0.863992 0.410705 0.020090 0.063694
4 0.834565 0.389013 0.028203 0.038354
4 0.811035 0.398260 0.022071 0.056848
4 0.809883 0.313078 0.019019 0.060766
4 0.786000 0.297385 0.017333 0.050424
4 0.769963 0.269519 0.020074 0.072185
4 0.786980 0.238859 0.032679 0.053326
4 0.764747 0.202330 0.027323 0.041840
4 0.790061 0.183777 0.022768 0.061082
4 0.804615 0.209379 0.017231 0.059445
4 0.863667 0.262353 0.028667 0.046178
4 0.919038 0.222719 0.022501 0.058124
4 0.939263 0.230241 0.030807 0.054139
4 0.953909 0.260898 0.018849 0.059445
4 0.968000 0.303170 0.020000 0.038309
4 0.970383 0.261963 0.015233 0.052032
4 0.993000 0.207398 0.014000 0.042272
4 0.665435 0.113511 0.014463 0.034155
4 0.573000 0.322325 0.030000 0.050198
8 0.927554 0.888141 0.144892 0.187579
4 0.892308 0.759647 0.017080 0.061379
4 0.911125 0.763662 0.021133 0.069410
4 0.267000 0.877807 0.030000 0.043593
4 0.293774 0.846764 0.024881 0.039630
4 0.320044 0.889696 0.025421 0.027741
4 0.337484 0.866702 0.025227 0.034099
4 0.361479 0.862929 0.022959 0.048424
4 0.386667 0.864274 0.028000 0.033671
4 0.370667 0.795322 0.033333 0.039476
4 0.396623 0.780713 0.032088 0.042272
4 0.397000 0.746367 0.016667 0.026420
4 0.418287 0.693773 0.023387 0.060273
4 0.309577 0.692236 0.028487 0.034287
4 0.218635 0.771466 0.021396 0.060766
4 0.387148 0.608805 0.019971 0.061122
4 0.360667 0.587186 0.016000 0.051519
4 0.313333 0.630631 0.032000 0.041248
4 0.206667 0.623023 0.026667 0.068731
4 0.392732 0.535590 0.036131 0.049030
4 0.409698 0.483295 0.024604 0.055867
4 0.303567 0.487450 0.028866 0.052840
4 0.284667 0.459007 0.026667 0.037489
4 0.303061 0.445989 0.018920 0.033326
4 0.321667 0.439221 0.016667 0.041655
4 0.350886 0.354349 0.031533 0.042696
4 0.193333 0.413740 0.029333 0.076086
4 0.348669 0.235799 0.033338 0.054161
4 0.367591 0.217966 0.016515 0.044914
4 0.327762 0.205008 0.024701 0.047052
4 0.142000 0.358150 0.025333 0.060450
4 0.156072 0.326623 0.030811 0.041135
4 0.096061 0.360232 0.029956 0.056285
4 0.063221 0.359974 0.021559 0.070013
8 0.056333 0.404888 0.020667 0.054161