8 0.305842 0.146698 0.087285 0.293397
8 0.220447 0.014636 0.013402 0.029272
8 0.342096 0.308373 0.110997 0.057182
8 0.268385 0.316542 0.080412 0.089857
8 0.291409 0.375766 0.072852 0.034037
8 0.387973 0.071477 0.041237 0.142954
8 0.112199 0.353982 0.034021 0.080327
8 0.079381 0.349558 0.019244 0.010211
8 0.083162 0.373724 0.026804 0.017699
8 0.070790 0.087815 0.034364 0.031314
8 0.160997 0.386998 0.013402 0.033356
8 0.236426 0.403336 0.072852 0.022464
8 0.378522 0.424438 0.023711 0.017018
8 0.365636 0.393465 0.018557 0.050374
8 0.323711 0.347856 0.028866 0.013615
8 0.455498 0.437713 0.022337 0.044929
8 0.471557 0.409719 0.009649 0.050518
8 0.449656 0.520762 0.021649 0.010892
8 0.198454 0.757318 0.114433 0.094622
8 0.221306 0.828795 0.042612 0.018380
8 0.236942 0.640912 0.015464 0.060585
8 0.137457 0.909803 0.016495 0.026549
8 0.102921 0.765827 0.023711 0.122532
8 0.117010 0.938734 0.027835 0.054459
8 0.061168 0.688564 0.036426 0.038802
8 0.179553 0.608237 0.027835 0.025187
8 0.039347 0.913887 0.016151 0.042886
8 0.439863 0.756297 0.024742 0.029952
8 0.866323 0.153165 0.057045 0.024506
8 0.621478 0.319946 0.036770 0.118448
8 0.562371 0.287951 0.027148 0.281824
8 0.782131 0.276378 0.046735 0.034037
8 0.645361 0.386998 0.017182 0.029272
8 0.908247 0.641593 0.151890 0.206263
8 0.643471 0.553097 0.018900 0.066031
8 0.626804 0.498639 0.032990 0.026549
8 0.751031 0.470728 0.041581 0.046971
8 0.751203 0.862151 0.070790 0.098707
8 0.690722 0.765146 0.026117 0.043567
8 0.775258 0.943839 0.032990 0.048332
8 0.731787 0.954391 0.027148 0.019061
8 0.634021 0.918312 0.017869 0.038121
8 0.973883 0.942818 0.007560 0.093941
8 0.934364 0.786590 0.031615 0.037440
8 0.989691 0.533696 0.019931 0.012253
1 0.202921 0.213410 0.038144 0.034717
1 0.286942 0.241661 0.018557 0.055820
1 0.246564 0.288632 0.012027 0.027229
1 0.094330 0.466304 0.023024 0.034037
1 0.059278 0.527910 0.013402 0.040163
1 0.411684 0.558203 0.026117 0.043567
1 0.464089 0.408441 0.012715 0.024506
1 0.070962 0.911164 0.017526 0.057862
1 0.263402 0.881892 0.015464 0.041525
1 0.303436 0.878489 0.025430 0.029272
1 0.885395 0.893125 0.018900 0.044929
1 0.859450 0.875425 0.013058 0.029952
1 0.742955 0.795099 0.015120 0.025868
1 0.696392 0.610960 0.011340 0.019741
1 0.739863 0.595984 0.017182 0.034717
1 0.922165 0.893805 0.017526 0.035398
1 0.915292 0.139210 0.019588 0.066031
1 0.931443 0.145337 0.019588 0.041525
1 0.934708 0.902655 0.012371 0.025868