8 0.107375 0.053501 0.015187 0.107001
4 0.035333 0.091810 0.034667 0.054161
4 0.126000 0.188904 0.026667 0.044914
4 0.085667 0.192206 0.019333 0.043593
4 0.094501 0.223250 0.021002 0.055482
4 0.150667 0.215324 0.022667 0.052840
4 0.173462 0.212682 0.021591 0.042272
4 0.278333 0.101057 0.022000 0.027741
4 0.073232 0.280053 0.029131 0.055482
4 0.306000 0.253633 0.025333 0.052840
4 0.286667 0.291788 0.021333 0.044606
4 0.213465 0.368560 0.019737 0.060766
4 0.146000 0.410172 0.018667 0.064729
4 0.123667 0.398511 0.027333 0.049333
4 0.095250 0.387715 0.021166 0.062087
4 0.130000 0.455746 0.018667 0.029062
4 0.223000 0.443197 0.019333 0.070013
4 0.224742 0.495587 0.024151 0.033853
4 0.400333 0.438573 0.031333 0.066050
4 0.223787 0.542933 0.027092 0.050198
4 0.066333 0.554161 0.030000 0.035667
4 0.080333 0.585865 0.031333 0.033025
4 0.127667 0.621532 0.022000 0.054161
4 0.286808 0.625876 0.027333 0.030383
4 0.096000 0.692963 0.017333 0.062280
4 0.147333 0.777411 0.018667 0.051519
4 0.888333 0.145971 0.022000 0.056803
4 0.835667 0.291281 0.019333 0.062087
4 0.678000 0.230197 0.022667 0.066734
4 0.669333 0.196830 0.020000 0.044914
4 0.655000 0.182299 0.020667 0.047556
4 0.636667 0.284016 0.017333 0.060766
4 0.663000 0.297886 0.035333 0.048877
4 0.612333 0.264861 0.018000 0.051519
4 0.633534 0.369367 0.024402 0.067663
4 0.624253 0.424042 0.028506 0.034346
4 0.655472 0.432552 0.032277 0.061933
4 0.697594 0.400925 0.021854 0.067371
4 0.611679 0.491523 0.018645 0.049979
4 0.628333 0.462351 0.024667 0.042272
4 0.638333 0.508775 0.022000 0.028686
4 0.691667 0.491413 0.026000 0.042272
4 0.628000 0.534346 0.033333 0.040951
4 0.608000 0.580581 0.030667 0.035667
4 0.644333 0.579260 0.023333 0.033025
4 0.683333 0.547556 0.028000 0.040951
4 0.713333 0.521797 0.017333 0.058124
4 0.732000 0.483487 0.020000 0.068692
4 0.648333 0.721929 0.030000 0.056803
4 0.682667 0.711361 0.025333 0.033025
4 0.846000 0.833554 0.024000 0.060766
4 0.107284 0.725604 0.021398 0.064472
8 0.112707 0.639133 0.014656 0.102952
8 0.018667 0.976882 0.024000 0.043593