1 0.920275 0.108918 0.036426 0.025868
8 0.946220 0.172566 0.069072 0.018380
1 0.714948 0.100068 0.016838 0.024506
1 0.564433 0.160654 0.013402 0.028591
1 0.665808 0.491831 0.025773 0.034717
1 0.772509 0.788632 0.033677 0.034717
1 0.729038 0.748468 0.014777 0.026549
8 0.955842 0.455752 0.028522 0.015657
8 0.886942 0.198094 0.026804 0.032675
8 0.661340 0.766508 0.027835 0.072158
1 0.060653 0.443499 0.017526 0.042886
1 0.159622 0.467665 0.025086 0.028591
8 0.235395 0.627638 0.026804 0.019061
8 0.229038 0.451668 0.032646 0.051055
1 0.259107 0.608577 0.014433 0.024506
1 0.280928 0.849558 0.018213 0.051736
8 0.341065 0.671205 0.009966 0.029952
1 0.389863 0.656229 0.017526 0.035398
1 0.463918 0.732471 0.010997 0.024506
1 0.442955 0.877808 0.015120 0.027910
8 0.433333 0.903336 0.050859 0.039483
8 0.109278 0.887338 0.024055 0.021103
8 0.071134 0.908441 0.038488 0.017018
1 0.068213 0.580327 0.010653 0.044248
8 0.471793 0.345582 0.018605 0.052344
1 0.458514 0.346650 0.019818 0.020297
8 0.320157 0.430241 0.032289 0.026172
8 0.438021 0.500479 0.062421 0.058754