8 0.044179 0.109541 0.059558 0.145148
8 0.126268 0.120601 0.020767 0.053169
8 0.312371 0.144656 0.030241 0.036079
8 0.351890 0.170463 0.022680 0.023949
8 0.368385 0.089517 0.059794 0.081007
8 0.418900 0.149081 0.009622 0.035398
8 0.399656 0.194690 0.019931 0.017699
8 0.435052 0.373383 0.038488 0.188564
8 0.312027 0.391423 0.052234 0.029952
8 0.402234 0.660994 0.109622 0.539142
8 0.250687 0.655888 0.250515 0.307012
8 0.258763 0.594282 0.023368 0.055820
8 0.062813 0.554085 0.125626 0.118386
8 0.063783 0.631013 0.010093 0.098278
8 0.049954 0.725733 0.028626 0.295626
8 0.218213 0.826753 0.024742 0.034717
8 0.139863 0.912185 0.013058 0.063989
8 0.052921 0.987747 0.058419 0.023145
8 0.046392 0.910143 0.027491 0.010892
8 0.106529 0.680735 0.024055 0.014976
8 0.391581 0.624915 0.027148 0.017699
8 0.368213 0.760041 0.009966 0.030633
8 0.138144 0.382233 0.021306 0.044248
8 0.881787 0.074881 0.070790 0.149762
8 0.945189 0.085432 0.028522 0.170865
8 0.730412 0.071137 0.053952 0.142274
8 0.698110 0.182097 0.023711 0.061947
8 0.669072 0.153506 0.014433 0.014295
8 0.797938 0.260041 0.021993 0.010892
8 0.613402 0.294758 0.023368 0.104833
8 0.542268 0.124575 0.039863 0.038121
8 0.540722 0.400272 0.015464 0.106195
8 0.720962 0.545950 0.022680 0.053097
8 0.692096 0.764806 0.029553 0.027910
8 0.707732 0.745745 0.007216 0.041525
8 0.710137 0.914227 0.023711 0.066712
8 0.796392 0.916610 0.029210 0.153165
8 0.880584 0.895167 0.080069 0.042206
8 0.956529 0.571477 0.038144 0.076923
8 0.937973 0.770933 0.049828 0.100068
8 0.696100 0.081321 0.024963 0.019962
8 0.589378 0.167291 0.056109 0.132926
8 0.586859 0.243281 0.007557 0.029942
8 0.765836 0.094023 0.027024 0.034479
1 0.197938 0.160313 0.013746 0.041525
1 0.184536 0.172226 0.014433 0.042206
1 0.057388 0.191967 0.010997 0.029952
1 0.023711 0.231450 0.009622 0.017699
1 0.067698 0.493193 0.014433 0.027910
1 0.465808 0.094622 0.012027 0.016338
1 0.383162 0.686181 0.021306 0.024506
1 0.045876 0.885636 0.023024 0.028591
1 0.033162 0.846154 0.011340 0.023145
1 0.597766 0.103472 0.020275 0.024506
1 0.692440 0.328114 0.019931 0.065351
1 0.843127 0.442478 0.016151 0.039483
1 0.861340 0.455412 0.018213 0.054459
1 0.923540 0.471069 0.014089 0.040844
1 0.937285 0.200136 0.013402 0.040844
1 0.958591 0.111981 0.012715 0.044248
1 0.756357 0.816882 0.017182 0.028591
1 0.662887 0.915248 0.019931 0.022464
1 0.534708 0.915589 0.010997 0.034037
1 0.891581 0.176310 0.010653 0.027229
1 0.686970 0.097293 0.008139 0.033357