6 0.601276 0.917501 0.056810 0.040668
6 0.752062 0.760117 0.058759 0.061001
6 0.851874 0.653161 0.048815 0.091096
6 0.730028 0.539607 0.050039 0.020154
6 0.595385 0.773944 0.066068 0.038227
7 0.740031 0.587452 0.008980 0.030989
6 0.617808 0.718651 0.015964 0.079708
6 0.600514 0.729901 0.021950 0.058496
7 0.574436 0.684395 0.008148 0.048770
7 0.576168 0.610478 0.021076 0.018797
6 0.597350 0.616884 0.009074 0.097290
7 0.922786 0.503319 0.021869 0.014198
6 0.976229 0.418166 0.045522 0.029616
6 0.758975 0.391677 0.044848 0.053048
8 0.841274 0.442365 0.027299 0.061631
6 0.724972 0.318615 0.040157 0.038664
6 0.790943 0.245133 0.044020 0.074046
7 0.878282 0.108797 0.022711 0.024386
6 0.803725 0.121482 0.035099 0.080600
7 0.720624 0.066231 0.017551 0.028820
6 0.677668 0.181309 0.009176 0.055830
6 0.814163 0.029651 0.030740 0.038131
8 0.439332 0.053769 0.029286 0.106048
7 0.438386 0.090825 0.005278 0.027975
6 0.448727 0.150978 0.013542 0.117784
6 0.491710 0.131122 0.044406 0.020308
7 0.492856 0.111976 0.009339 0.009861
6 0.384657 0.242869 0.010845 0.090873
7 0.379684 0.357186 0.017709 0.028882
6 0.432469 0.458949 0.032221 0.047385
6 0.360672 0.444960 0.055336 0.036554
6 0.261908 0.467524 0.057204 0.025723
6 0.236000 0.497698 0.055353 0.049311
6 0.144534 0.521197 0.018445 0.111015
8 0.185662 0.490510 0.040929 0.065887
7 0.192866 0.382655 0.009573 0.024369
6 0.134602 0.410196 0.038741 0.054181
7 0.053883 0.421465 0.013658 0.032493
6 0.193824 0.340871 0.032826 0.020014
7 0.202212 0.312478 0.014112 0.021894
6 0.031117 0.274566 0.042261 0.041969
6 0.016166 0.974808 0.031561 0.050384
6 0.316751 0.772126 0.028256 0.078195
7 0.319602 0.687415 0.028820 0.019238
6 0.361703 0.984117 0.019907 0.031766
8 0.444620 0.989702 0.016207 0.020595
8 0.577171 0.100889 0.012801 0.053791
6 0.563196 0.339774 0.041267 0.037861