0 0.706946 0.944715 0.017869 0.080327
0 0.794330 0.916610 0.018900 0.066031
0 0.824742 0.913547 0.043986 0.029952
0 0.915808 0.773996 0.030241 0.035398
0 0.968213 0.801566 0.030584 0.051055
0 0.753952 0.752553 0.034364 0.030633
0 0.742268 0.672226 0.015808 0.076923
0 0.695361 0.676991 0.016838 0.059224
0 0.692800 0.619469 0.022027 0.054459
0 0.550172 0.609939 0.037113 0.038121
0 0.927663 0.443839 0.036082 0.029952
0 0.804467 0.483322 0.023368 0.040844
0 0.776875 0.582029 0.023569 0.065351
0 0.795189 0.455412 0.023368 0.063989
0 0.872754 0.374114 0.030584 0.043567
0 0.758247 0.283867 0.038144 0.028591
0 0.680202 0.281824 0.024475 0.072158
0 0.653265 0.174268 0.034364 0.034037
0 0.727835 0.120490 0.015120 0.085773
0 0.797595 0.156569 0.027491 0.066712
0 0.755498 0.248809 0.022337 0.037440
0 0.728007 0.298502 0.016838 0.034717
0 0.948969 0.241295 0.017526 0.070167
0 0.948282 0.177332 0.027148 0.072839
0 0.907045 0.197413 0.045704 0.031314
0 0.541237 0.111981 0.024055 0.038802
0 0.849313 0.014636 0.016838 0.027910
0 0.880412 0.008850 0.030928 0.016338
0 0.511168 0.104074 0.041581 0.036331
0 0.205842 0.990129 0.037113 0.019741
0 0.097766 0.909122 0.016838 0.072839
0 0.354983 0.928863 0.017869 0.074200
0 0.275773 0.932607 0.028522 0.032675
0 0.398110 0.946222 0.034021 0.039483
0 0.433333 0.903676 0.021993 0.078285
0 0.409622 0.847175 0.043986 0.029272
0 0.258247 0.807692 0.038832 0.027910
0 0.241753 0.769571 0.046392 0.030633
0 0.427320 0.697413 0.014777 0.079646
0 0.327255 0.672226 0.040764 0.030633
0 0.137285 0.588155 0.028522 0.051736
0 0.341581 0.531314 0.038488 0.033356
0 0.380069 0.614704 0.025430 0.057182
0 0.125773 0.359769 0.028179 0.059224
0 0.164777 0.321988 0.024399 0.063989
0 0.435739 0.322328 0.017182 0.076923
0 0.436082 0.258339 0.026117 0.066031
0 0.016323 0.313479 0.020275 0.070116
0 0.356357 0.180395 0.033677 0.042206
0 0.436942 0.197413 0.014777 0.069435
0 0.057732 0.199455 0.040550 0.039483
0 0.110481 0.028251 0.023711 0.040163
0 0.174914 0.440436 0.017869 0.046290
0 0.125258 0.549013 0.036082 0.041525
0 0.474839 0.923758 0.034215 0.036760
0 0.564769 0.672538 0.020004 0.063955
0 0.570957 0.655854 0.016236 0.055613
0 0.323690 0.775254 0.034516 0.056439
0 0.308285 0.774796 0.031968 0.050933
0 0.468691 0.012068 0.027871 0.022775
0 0.975593 0.522872 0.015043 0.083538
0 0.958069 0.544954 0.034795 0.028733
0 0.381621 0.324455 0.014469 0.036378
0 0.179884 0.496695 0.011130 0.038031