4 0.395591 0.081242 0.021849 0.051519
4 0.294000 0.209838 0.028000 0.033943
4 0.228642 0.200793 0.027950 0.050198
4 0.158333 0.167281 0.019333 0.025620
4 0.137912 0.200132 0.029157 0.040951
4 0.109333 0.221929 0.028000 0.031704
4 0.182667 0.431308 0.021333 0.067371
4 0.149667 0.368560 0.023333 0.034346
4 0.302059 0.425703 0.029452 0.048236
4 0.131645 0.556803 0.024624 0.048877
4 0.275353 0.677760 0.026706 0.050367
4 0.174753 0.740423 0.017506 0.048877
4 0.123357 0.818534 0.025381 0.050938
4 0.146333 0.677675 0.019333 0.031704
4 0.658667 0.070674 0.021333 0.043594
4 0.648741 0.316380 0.032148 0.064729
4 0.641000 0.481410 0.023333 0.049070
8 0.658972 0.417241 0.046056 0.253240
4 0.695465 0.634782 0.024125 0.059524
4 0.924393 0.653897 0.023453 0.073976
4 0.670492 0.784594 0.028985 0.034182
4 0.649333 0.845865 0.021333 0.058968
4 0.732245 0.809115 0.015424 0.051519
4 0.738000 0.861295 0.018667 0.055482
4 0.769000 0.762473 0.030000 0.053347
4 0.829578 0.773448 0.031157 0.048877
4 0.787244 0.931968 0.024178 0.077939
4 0.882667 0.708058 0.014667 0.042272