4 0.906000 0.836981 0.029333 0.036464
4 0.881667 0.795905 0.039333 0.043593
4 0.907446 0.658947 0.030310 0.055770
4 0.859000 0.651915 0.028667 0.056803
4 0.941667 0.641347 0.022000 0.043593
4 0.702667 0.687008 0.024000 0.036816
4 0.726000 0.527683 0.037333 0.046351
4 0.755667 0.411493 0.031333 0.038309
4 0.817000 0.409511 0.022000 0.066050
4 0.674333 0.398943 0.027333 0.026420
4 0.688000 0.326288 0.018667 0.066050
4 0.670333 0.330251 0.018000 0.055482
8 0.870000 0.876486 0.014667 0.038309
8 0.132667 0.479524 0.264000 0.089828
4 0.300919 0.865258 0.027495 0.031704
4 0.280667 0.848072 0.030667 0.060791
4 0.249000 0.828930 0.019333 0.027741
4 0.198333 0.859313 0.022000 0.064729
4 0.370787 0.796565 0.021093 0.063408
4 0.394667 0.664465 0.016000 0.036988
4 0.426333 0.601717 0.031333 0.035667
4 0.237667 0.679500 0.030000 0.051832
4 0.168333 0.713342 0.032667 0.036988
4 0.352933 0.482089 0.024356 0.068847
4 0.358667 0.432316 0.028000 0.033651
4 0.374667 0.338838 0.033333 0.054161
4 0.318000 0.382432 0.021333 0.064727
4 0.281667 0.536185 0.035333 0.050483
4 0.186000 0.326948 0.024000 0.054161