3 0.897917 0.880874 0.022917 0.061202
3 0.861719 0.811475 0.020312 0.064481
3 0.835938 0.712568 0.025000 0.056831
3 0.813542 0.655191 0.022917 0.057923
3 0.836979 0.631148 0.026042 0.062295
3 0.861458 0.566667 0.028125 0.042623
3 0.881510 0.565574 0.016146 0.068852
3 0.761458 0.826776 0.027083 0.051366
3 0.734375 0.847541 0.033333 0.044809
3 0.612760 0.886885 0.032813 0.049180
3 0.633594 0.768306 0.016146 0.069945
3 0.791667 0.490710 0.018750 0.069945
3 0.760156 0.404372 0.030729 0.039344
3 0.757292 0.248634 0.020833 0.071038
3 0.817969 0.305464 0.017188 0.057923
3 0.854427 0.296175 0.022396 0.080874
3 0.881250 0.338798 0.023958 0.076503
3 0.447135 0.791257 0.023438 0.056831
3 0.435937 0.705464 0.031250 0.051366
3 0.450260 0.651913 0.032813 0.038251
3 0.401823 0.525137 0.034896 0.046995
3 0.482552 0.184153 0.020313 0.042623
3 0.389323 0.199454 0.024479 0.064481
3 0.356771 0.175410 0.023958 0.071038
3 0.321354 0.851913 0.016667 0.066667
3 0.297656 0.875410 0.016146 0.050273
3 0.198512 0.917252 0.027976 0.056207
3 0.169792 0.873770 0.031250 0.038251
3 0.122396 0.885792 0.022917 0.053552
3 0.277344 0.760656 0.020312 0.072131
3 0.264583 0.636066 0.019792 0.063388
3 0.175260 0.721858 0.019271 0.055738
3 0.175781 0.510929 0.027604 0.055738
3 0.183594 0.453005 0.033854 0.042623
8 0.144271 0.633333 0.029167 0.022951
8 0.577344 0.115847 0.009896 0.144262
3 0.198177 0.261202 0.028646 0.048087
3 0.726302 0.731694 0.020313 0.068852
3 0.641927 0.632240 0.034896 0.040437
3 0.665625 0.631148 0.030208 0.060109
3 0.700521 0.750820 0.030208 0.037158