1 0.218330 0.296381 0.022595 0.051686
8 0.153101 0.249758 0.020174 0.070335
1 0.152564 0.300378 0.015870 0.020248
1 0.119478 0.128003 0.016946 0.037832
1 0.191970 0.100029 0.013987 0.015986
1 0.276027 0.135196 0.018560 0.043693
8 0.274010 0.099762 0.014525 0.018649
1 0.287134 0.544266 0.010879 0.043103
1 0.421551 0.847276 0.016585 0.043509
1 0.378745 0.803990 0.012999 0.032410
8 0.833848 0.599045 0.058763 0.024507
1 0.851374 0.758338 0.007904 0.019061
1 0.662332 0.486311 0.025769 0.022995
1 0.938943 0.401692 0.024609 0.030353
1 0.783997 0.122167 0.017178 0.048313
1 0.615182 0.114814 0.027782 0.031088
1 0.550710 0.130359 0.013785 0.030248
8 0.951116 0.136451 0.015482 0.042432
1 0.785906 0.259125 0.009544 0.018905
8 0.063914 0.023278 0.015686 0.045194
8 0.812691 0.008884 0.008304 0.016406