8 0.675430 0.990470 0.010653 0.019061
2 0.846564 0.701157 0.017526 0.083050
2 0.974570 0.706263 0.015120 0.075562
2 0.973711 0.549694 0.014777 0.071477
2 0.969931 0.406739 0.017526 0.066031
2 0.952749 0.309394 0.020275 0.025187
8 0.895876 0.366916 0.013746 0.020422
2 0.721478 0.438734 0.022337 0.031995
8 0.701375 0.445201 0.010997 0.020422
8 0.734880 0.471069 0.017526 0.069435
2 0.810825 0.157590 0.023024 0.053778
2 0.953436 0.031995 0.016838 0.062628
2 0.993814 0.110279 0.012371 0.065351
8 0.926460 0.032675 0.013746 0.024506
2 0.703436 0.103472 0.028866 0.025868
2 0.660825 0.140912 0.015808 0.070796
8 0.519416 0.167120 0.014089 0.023826
2 0.532818 0.087134 0.027148 0.068074
2 0.448797 0.819605 0.019244 0.076242
2 0.373024 0.775017 0.035395 0.036079
2 0.364261 0.654867 0.027491 0.043567
2 0.269931 0.796120 0.029210 0.030633
8 0.253608 0.777400 0.021306 0.032675
2 0.017354 0.403676 0.034021 0.057182
2 0.183677 0.363853 0.016151 0.057862
2 0.422337 0.338666 0.015808 0.070116
2 0.476782 0.192648 0.025041 0.069435
2 0.471821 0.120490 0.017182 0.065351
2 0.228694 0.251191 0.019588 0.069435
2 0.191753 0.282441 0.026804 0.042078
2 0.177491 0.326413 0.026460 0.040163
2 0.165105 0.310312 0.033303 0.034242
2 0.172852 0.276038 0.019244 0.025187
2 0.037113 0.167461 0.036426 0.044929
8 0.457904 0.696392 0.009966 0.020422