1 0.816323 0.312117 0.035395 0.038802
1 0.214777 0.418652 0.013058 0.021784
1 0.145876 0.166440 0.012715 0.021103
1 0.111168 0.398911 0.020962 0.039483
1 0.060481 0.449285 0.015808 0.058543
1 0.078694 0.446222 0.017869 0.034717
1 0.338832 0.414908 0.011684 0.030633
1 0.380584 0.517359 0.022337 0.032675
1 0.435567 0.390402 0.016151 0.027910
1 0.476460 0.407080 0.014777 0.034037
1 0.532990 0.327774 0.013058 0.041525
1 0.528522 0.414568 0.024742 0.031314
1 0.500344 0.482641 0.011684 0.040844
1 0.556529 0.535739 0.019588 0.035398
1 0.516495 0.608918 0.019931 0.025187
1 0.746564 0.606875 0.029897 0.041525
1 0.705498 0.531654 0.015120 0.036760
1 0.811512 0.617767 0.018213 0.025187
1 0.989519 0.639891 0.020275 0.031314
1 0.011340 0.718176 0.022680 0.025868
1 0.086598 0.676651 0.018557 0.034037
1 0.151546 0.786249 0.017869 0.034037
8 0.261340 0.770933 0.025773 0.023826
8 0.387457 0.645677 0.208591 0.270252
8 0.459966 0.867937 0.064948 0.134786
8 0.519588 0.703880 0.059794 0.034037
8 0.553967 0.637106 0.054326 0.059781
1 0.589504 0.663115 0.019598 0.033173
8 0.613746 0.562968 0.078351 0.023145
8 0.620447 0.798162 0.036770 0.226685
1 0.108247 0.056841 0.010997 0.042886
1 0.202234 0.011232 0.010653 0.022464
1 0.442612 0.072839 0.026804 0.034037
1 0.513574 0.127978 0.014089 0.029952
8 0.126976 0.347856 0.040893 0.054459
1 0.635223 0.065351 0.010653 0.019061
8 0.665808 0.432948 0.047079 0.066712
8 0.850344 0.135466 0.164605 0.062628
8 0.860653 0.208986 0.038144 0.017699
8 0.953608 0.100068 0.017869 0.021784
1 0.800687 0.075902 0.007560 0.023826
1 0.759278 0.042206 0.012715 0.027229
1 0.721478 0.068414 0.014777 0.023826
8 0.707216 0.008850 0.125086 0.017699
8 0.871821 0.884275 0.255670 0.162015