6 0.027121 0.184706 0.015570 0.161538
6 0.068591 0.141588 0.016219 0.061256
6 0.076804 0.338666 0.011340 0.049694
6 0.070606 0.499489 0.020937 0.079306
6 0.280188 0.644484 0.037113 0.112184
6 0.362735 0.590028 0.029584 0.095008
6 0.329510 0.527982 0.020196 0.013477
6 0.327864 0.950164 0.031670 0.098311
6 0.370328 0.930623 0.028572 0.028835
6 0.029908 0.581796 0.058496 0.060353
6 0.004925 0.581192 0.009749 0.065583
6 0.463184 0.355977 0.006192 0.048530
6 0.385246 0.353577 0.072149 0.051197
6 0.388798 0.163542 0.034749 0.061542
6 0.381319 0.096131 0.033138 0.091743
6 0.613343 0.204683 0.015879 0.092084
6 0.710226 0.168898 0.019100 0.149980
6 0.715519 0.075275 0.011736 0.059376
6 0.798479 0.085931 0.049247 0.087982
6 0.816774 0.083651 0.031527 0.067924
6 0.718165 0.318707 0.026234 0.021768
6 0.591711 0.345318 0.024163 0.046042
6 0.529527 0.257217 0.022909 0.026328
6 0.529002 0.268649 0.018362 0.027714
6 0.521482 0.293418 0.011717 0.035681
6 0.629585 0.454697 0.025548 0.116131
6 0.626163 0.550494 0.014599 0.111613
6 0.713529 0.449500 0.031935 0.027112
6 0.700527 0.529708 0.025092 0.023950
6 0.713672 0.584836 0.017051 0.011297
6 0.780195 0.588225 0.006387 0.040668
6 0.766622 0.702662 0.062502 0.029824
6 0.838135 0.645952 0.052922 0.099864
6 0.855015 0.580883 0.040147 0.085404
6 0.793026 0.841161 0.047675 0.158607
6 0.710564 0.889964 0.057027 0.039313
6 0.700755 0.925888 0.006387 0.050610
6 0.683761 0.854943 0.023952 0.020786
6 0.858481 0.169859 0.046829 0.060172
6 0.805925 0.405531 0.020314 0.108309
6 0.830130 0.446899 0.009366 0.064684
6 0.928976 0.337838 0.064294 0.083238
6 0.797983 0.385223 0.005316 0.041619
6 0.957833 0.581282 0.014681 0.055659
6 0.736398 0.023841 0.014887 0.047682
6 0.705304 0.016944 0.011285 0.033888
7 0.031651 0.073383 0.013611 0.010683
7 0.070429 0.083048 0.010015 0.011700
7 0.038970 0.130614 0.006677 0.020349
7 0.089497 0.235155 0.013996 0.026963
7 0.075822 0.175635 0.008988 0.016788
7 0.062212 0.151725 0.009502 0.010683
7 0.051811 0.163172 0.010786 0.015262
7 0.178224 0.120312 0.005393 0.020857
7 0.144967 0.246474 0.013354 0.019840
7 0.197228 0.266060 0.010015 0.019332
7 0.139575 0.303197 0.014895 0.013227
7 0.273243 0.095130 0.007447 0.015261
7 0.329226 0.252070 0.005907 0.023910
7 0.093157 0.371873 0.016821 0.016279
7 0.201337 0.380013 0.007961 0.027470
7 0.216103 0.432665 0.009245 0.020857
7 0.087186 0.503632 0.009245 0.033575
7 0.109785 0.476225 0.013868 0.019458
7 0.123139 0.470819 0.006677 0.016788
7 0.138804 0.509991 0.006677 0.025945
7 0.176041 0.504904 0.010786 0.019840
7 0.148306 0.514951 0.008732 0.009411
7 0.206216 0.466495 0.005907 0.020349
7 0.160280 0.582483 0.015601 0.014244
7 0.186981 0.553741 0.006369 0.021875
7 0.179174 0.588334 0.013867 0.018822
7 0.207038 0.523980 0.013097 0.013227
7 0.207423 0.604867 0.009759 0.015261
7 0.186621 0.621273 0.010786 0.015515
7 0.177762 0.620891 0.008988 0.025945
7 0.051811 0.652305 0.015152 0.034084
7 0.099962 0.684354 0.007191 0.023910
7 0.038585 0.708010 0.011300 0.032558
7 0.104842 0.727341 0.006677 0.019332
7 0.135402 0.778467 0.005650 0.018822
7 0.176234 0.743111 0.010786 0.024419
7 0.069563 0.963386 0.012005 0.021366
7 0.110234 0.844601 0.012326 0.012718
7 0.170199 0.850705 0.010015 0.021875
7 0.138612 0.916839 0.008475 0.010683
7 0.167759 0.956964 0.012326 0.010555
7 0.150882 0.960241 0.005846 0.015282
7 0.140426 0.968837 0.006509 0.014327
7 0.269099 0.764922 0.006630 0.031519
7 0.276512 0.792143 0.013982 0.012416
7 0.274343 0.873327 0.012054 0.013371
7 0.286999 0.961137 0.006027 0.018028
6 0.336419 0.928723 0.016152 0.039160
7 0.368693 0.900786 0.009944 0.026265
7 0.325330 0.767310 0.014223 0.015281
7 0.357996 0.810767 0.008197 0.009551
7 0.331297 0.697468 0.016152 0.013849
7 0.428088 0.745103 0.010608 0.010745
7 0.452919 0.775309 0.013018 0.010984
7 0.471120 0.859119 0.009884 0.015282
7 0.451352 0.948422 0.011330 0.010506
7 0.288626 0.682663 0.005063 0.020058
7 0.301765 0.629177 0.006268 0.022922
7 0.335154 0.618671 0.006027 0.029608
7 0.342627 0.682066 0.009884 0.010268
7 0.346364 0.598853 0.008679 0.032951
7 0.384002 0.501671 0.006208 0.030564
7 0.317917 0.488299 0.005303 0.018147
7 0.301885 0.459347 0.006509 0.017551
7 0.345038 0.450811 0.007955 0.019580
7 0.353596 0.433738 0.011089 0.010268
7 0.376136 0.410935 0.011812 0.020057
7 0.393976 0.432664 0.010366 0.016715
7 0.363299 0.372850 0.009402 0.010506
7 0.430197 0.378283 0.006750 0.018505
7 0.397592 0.189231 0.014465 0.015759
7 0.357574 0.205706 0.005786 0.025788
7 0.374208 0.287428 0.008679 0.011581
7 0.325993 0.275668 0.010607 0.014804
7 0.418686 0.321274 0.005545 0.025788
7 0.473350 0.252268 0.011933 0.010984
7 0.378276 0.201170 0.009221 0.016715
7 0.438695 0.191857 0.008920 0.021012
7 0.454968 0.199021 0.010125 0.015282
7 0.454697 0.160339 0.017418 0.009551
7 0.471843 0.158667 0.009161 0.016714
7 0.411695 0.165592 0.007473 0.014327
7 0.378186 0.141953 0.009884 0.023400
7 0.360587 0.079393 0.020009 0.017669
7 0.374328 0.065067 0.010366 0.014805
7 0.331157 0.013981 0.007831 0.018370
7 0.424507 0.016482 0.006595 0.032963
7 0.446557 0.020717 0.012365 0.034290
7 0.501784 0.006276 0.005770 0.012553
7 0.619348 0.009185 0.005358 0.015920
7 0.551138 0.067560 0.015249 0.024901
7 0.521670 0.055517 0.009479 0.012246
7 0.553405 0.097768 0.013601 0.013471
7 0.524967 0.149611 0.012364 0.014288
7 0.580194 0.180227 0.005358 0.028167
7 0.653143 0.086133 0.019371 0.010614
7 0.649718 0.197780 0.004791 0.019186
7 0.552993 0.271055 0.008243 0.019595
7 0.661799 0.062865 0.009891 0.012246
7 0.672720 0.068988 0.012364 0.009797
7 0.691164 0.094094 0.012982 0.011022
7 0.655523 0.291033 0.005926 0.018784
7 0.642604 0.319913 0.016120 0.015496
7 0.637152 0.457974 0.012327 0.011740
7 0.524040 0.529352 0.007534 0.015864
7 0.520457 0.589467 0.006691 0.016699
7 0.561526 0.635389 0.009694 0.014194
7 0.597273 0.698636 0.006480 0.019622
7 0.623010 0.636746 0.012855 0.015655
7 0.635023 0.610549 0.009484 0.015864
7 0.677803 0.542919 0.009484 0.015029
7 0.652988 0.689660 0.009378 0.014611
7 0.729857 0.630797 0.015385 0.014612
7 0.749140 0.631214 0.009273 0.022126
7 0.784018 0.559733 0.006955 0.018473
7 0.816156 0.648602 0.007587 0.026718
7 0.725115 0.707256 0.008851 0.012107
7 0.874032 0.009409 0.010462 0.018818
7 0.750669 0.080633 0.006493 0.028108
7 0.755539 0.056336 0.011664 0.011911
7 0.755358 0.184729 0.005772 0.024773
7 0.769007 0.276439 0.009740 0.009052
7 0.845665 0.241899 0.017075 0.021915
7 0.857811 0.240469 0.009139 0.021915
7 0.871279 0.199974 0.005772 0.021915
7 0.896291 0.159241 0.005291 0.029061
7 0.898533 0.061815 0.011965 0.013340
7 0.961153 0.218078 0.009379 0.019057
7 0.897782 0.266672 0.016594 0.010481
7 0.898984 0.293352 0.015632 0.008575
7 0.901269 0.343137 0.006253 0.020486
7 0.874453 0.289540 0.006493 0.014292
7 0.877580 0.371245 0.005531 0.032873
7 0.896579 0.359811 0.011785 0.007146
7 0.853650 0.351950 0.007696 0.008576
7 0.821063 0.375294 0.008898 0.008575
7 0.839220 0.414003 0.010101 0.025012
7 0.781861 0.418350 0.010342 0.012744
7 0.855334 0.502259 0.013949 0.016675
7 0.851245 0.470101 0.008177 0.007623
7 0.931452 0.396733 0.006975 0.037160
7 0.944138 0.346472 0.009981 0.013816
7 0.962265 0.344804 0.010762 0.010481
7 0.959349 0.402688 0.015152 0.011910
6 0.536231 0.937956 0.022793 0.028517
7 0.523755 0.884963 0.006478 0.012833
7 0.525074 0.850505 0.007678 0.019011
7 0.552786 0.805212 0.009837 0.016825
7 0.598467 0.841190 0.007677 0.020912
7 0.574595 0.924957 0.007437 0.017347
7 0.650591 0.801742 0.010436 0.014258
7 0.616012 0.936958 0.006658 0.032794
7 0.690478 0.877073 0.009837 0.017585
7 0.719449 0.859013 0.004199 0.013784
7 0.947107 0.782018 0.008577 0.028992
7 0.968670 0.758908 0.009597 0.013189
7 0.822077 0.771562 0.008157 0.021387
7 0.796165 0.853547 0.011996 0.015209
7 0.815719 0.920086 0.008877 0.010456
7 0.870541 0.944443 0.007198 0.016397
7 0.936161 0.939097 0.006478 0.029467
7 0.925604 0.822417 0.013196 0.015684
7 0.929803 0.915333 0.005758 0.019011
7 0.886577 0.597045 0.009147 0.024009
7 0.971301 0.548349 0.005717 0.019932